38078
34760
47312
45390
40626
50538
37254
50044
53152
42010
46076
47914
63468
48958
58388
63794
49598
45786
36766
40636
52140
38816
42420
42166
46450
47448
47466
38096
30476
33702
47088
37530
39428
54576
43718
54798
44908
44122
57004
41132
45698
44030
54484
47514
52672
51682
43864
51288
44994
64666
36000
47378
52598
31664
58182
43530
38200
42128
57604
57746
45688
59242
49264
43740
47876
34688
42588
36790
47040
34634
44768
50092
49268
41720
50638
22192
50312
46018
51798
52924
43388
60736
35794
64804
37364
50824
41350
57168
51364
44738
33836
35328
39832
46460
55308
46338
51640
41798
48760
38898
57734
52356
58560
43230
32772
36402
55424
44370
43236
56334
56444
45940
58332
54168
40400
31914
38934
44914
53220
47614
33210
29590
34286
45084
38006
51572
64078
33318
41152
46170
51336
42942
45466
51852
50746
42238
30532
33618
48280
54392
61298
52710
38772
52944
52394
42388
50254
48840
45532
43622
48066
42208
43140
29686
32208
36010
57854
33394
38902
44590
34568
28260
45926
56364
39742
42196
55398
26916
55256
55096
38460
56332
61076
57176
57048
52658
42538
36662
43846
48678
40500
47716
29312
39820
40084
47226
35960
42686
44070
48558
49998
47880
34010
63812
34440
52830
62020
35218
39654
50192
57416
26356
60438
38028
53950
49172
28716
43450
40546
37224
48742
47240
55168
38318
56046
54992
42202
42512
48734
56892
33820
40584
45976
41848
56726
53592
43124
66156
45354
38878
36740
45902
52508
47556
62742
54104
42626
44010
52170
33474
47754
44332
43982
38490
44936
43314
42896
56514
29854
35740
48642
29964
56186
59858
43162
35048
52684
45356
45928
44050
37910
48254
46024
47952
39472
44998
57788
39716
52390
33132
56858
46416
37924
48790
42104
44742
53298
38028
54008
36542
42890
59556
37312
34200
62436
41792
35710
33656
38594
41468
45264
51256
53082
39674
48784
25958
36960
47044
45898
62884
32132
67198
52072
57824
31016
49544
45666
36958
55482
38432
41282
40860
59782
49964
51114
47804
53902
45322
33716
51028
54446
43990
45148
52818
67830
35746
39006
43468
39432
51876
46010
45986
35148
35548
41826
48032
60722
60888
43902
41008
55614
37358
41182
47136
46826
52536
48694
58598
50512
35868
42874
33436
26766
55862
33788
39920
40474
59280
42620
56538
37032
24290
39588
47566
53482
58998
35778
50970
38522
31786
51992
51268
45186
32112
49254
51912
43510
39210
43892
44426
35842
57406
60222
45962
47534
63006
39832
54726
49864
32656
23978
52214
49492
48726
33736
39994
48372
50248
61840
44798
46110
37926
56338
52630
53694
59110
52736
45004
42798
55716
44284
29218
37888
55206
45036
53552
55726
36408
53206
33020
34432
49360
41900
60114
66072
44910
38798
48532
38102
45798
49430
48994
48358
41528
34408
37498
39702
44488
43650
47292
58872
41372
45402
44234
49276
34462
46870
47148
57812
30052
43908
48262
48658
40030
28632
37274
31566
58040
48482
43872
44648
36172
54376
52686
54546
57122
61200
40220
42770
43718
35000
43964
39444
58956
38180
46768
34792
48162
57192
34680
43516
43098
52598
42486
40684
41672
49972
55238
30642
33906
46128
42022
51268
51622
33418
56126
55548
56212
53826
38514
54462
36580
40540
43952
46776
28558
57766
29182
34644
42110
51886
49268
60804
55026
40548
34112
47846
38578
38570
48892
52462
45558
46632
24934
44734
42732
57074
58194
57950
51818
51658
61552
42948
47454
39274
50948
56232
59270
57490
32130
48318
61960
30554
50054
21132
41954
51046
48056
51236
39816
32546
42090
53240
50320
33600
42804
47912
53486
39674
53030
34862
41440
43808
59212
43308
46022
54118
54766
39828
42456
68390
28356
41030
51368
47734
54184
50852
24370
59100
51330
51934
38014
55518
41376
31102
48058
42912
40390
42178
31848
45432
46494
42442
43396
30360
43210
41924
34682
35416
46506
45354
54270
56376
38656
44446
54862
38576
42738
38674
52894
43154
51710
33186
39982
58086
49352
57964
53864
55376
37176
34862
48306
52752
48068
44972
49376
50324
32068
45112
48538
32966
41352
47326
48010
35332
40302
29436
40706
38184
44952
32296
43070
39452
47858
33544
45342
38452
47388
50010
43802
44638
37896
37804
46654
47088
32200
40612
35336
40696
44928
45174
39128
46218
42718
40308
55694
61050
40466
39264
42460
50016
47972
37082
44766
51420
46472
50986
49470
57462
45062
51386
47760
25136
42088
36998
29046
40864
46684
35038
48900
39628
51912
29908
62712
29934
48774
32802
46338
42496
41776
51308
50236
52990
59306
51460
46504
49080
39856
55000
29924
42834
55268
45198
63118
64542
40684
46658
40032
69128
40294
35196
45820
46816
38656
38858
53292
38230
63504
36242
52514
46572
30530
49878
53972
44012
44604
43692
40550
43326
52176
48012
55836
45250
49000
31460
38646
50234
40820
28464
48610
50374
44146
57072
46174
47634
53582
47348
45564
46778
50274
39466
47328
46128
47182
45888
38690
41528
55202
34646
38422
36180
66204
48848
56826
29070
45366
62538
54252
22872
40158
53658
49156
47078
27952
32548
36060
40320
35082
57940
44910
44598
40276
42316
70020
46050
26884
38982
39968
42786
44236
42226
40832
35358
36532
41420
37702
45896
51994
39680
37492
25468
46886
26446
63272
36864
44612
38682
45768
46534
42538
34544
57854
37072
43540
54538
32044
41750
48016
43740
65674
36598
45604
54086
42468
58248
55466
52586
43298
60468
38784
35932
54742
38918
47766
53728
40180
33790
39150
52302
40382
43694
47374
58788
43592
45428
55400
44186
42550
41562
42304
45944
48534
38100
37646
39610
42738
40430
54436
42496
53732
44628
49382
50814
50720
37428
52560
68376
56040
45254
50822
46722
49160
51028
50560
32364
33890
57006
45304
38534
56968
48332
39090
45180
48360
39782
44328
41972
35840
43562
40916
51202
38036
37242
46630
52796
43824
38884
60162
48744
49756
30400
43694
37324
48988
59426
55790
41122
30162
31408
65866
51802
54206
50276
57150
45914
50998
55060
49386
45132
47566
37638
49380
51508
64018
48274
42970
66628
42498
57998
56352
57914
45784
57216
22756
42760
56564
48356
37896
28478
31820
50292
49442
46896
33140
49818
42450
48694
39586
37162
52532
29634
53444
41406
48832
39654
26678
37268
38026
34684
20492
48300
36840
39906
30366
43800
54346
42364
35370
49272
41796
32032
45646
50858
48616
44022
48214
43596
30690
30106
44148
44094
45910
58542
38376
49338
44256
30678
49836
39840
58046
46354
36628
40608
42030
42678
29874
37404
35578
50520
56468
34648
45774
40100
44304
38268
44484
40600
52802
42546
37238
60138
47244
57322
44282
52208
49928
36646
47276
52574
24654
38786
47734
52002
49604
38634
41192
43422
48024
31640
53796
35658
36224
48070
45144
43654
42366
40858
45580
47786
34654
29894
52678
42276
48660
57590
52834
41984
53276
46318
41320
27546
52156
54164
57910
41718
45918
49374
37358
36540
53386
46666
48320
60120
64646
34016
45592
50516
41682
45894
39938
43194
50394
54200
35438
30668
43620
54338
54600
57592
34368
55588
42528
51008
53588
56842
42642
39446
34316
57158
57698
28958
48364
37348
27384
35068
40482
62002
31700
28168
63634
45974
30264
54002
38380
50514
38136
53706
60974
38516
35888
52794
48920
37490
47820
29150
64690
49242
46366
41358
28640
63892
54392
44266
53158
41742
49554
50374
55612
46426
42500
51150
53152
28288
36892
41670
41266
43964
48716
43020
52146
35666
48360
46944
40284
46546
50104
52434
62000
44866
42184
52252
42210
36158
49844
39868
35514
36724
28448
49694
48182
60568
58486
54212
35696
39300
34436
62068
33562
49190
38188
43496
44234
41882
38842
42412
44046
52228
55324
30622
36498
43568
51028
53110
30212
49718
37812
38676
30582
34796
41234
33916
67798
42118
44170
50082
38172
40236
55632
39540
46554
53706
35598
29052
35782
49214
46558
52216
51012
52918
52204
56600
52338
38116
27164
56820
35066
34752
39562
47452
42002
53250
48666
40584
44008
42564
64196
53532
44696
45452
48216
49104
57936
53156
57158
50608
45698
56168
50242
50288
47684
26964
39940
38122
53144
46534
46132
38700
36506
49160
35758
40250
50354
41684
37590
44508
41714
38538
46752
49396
50622
28558
42030
45824
49820
44786
50200
43806
45066
35590
52982
61232
35872
56096
47708
61652
51360
34782
54438
48472
39218
26658
40752
45944
53676
30782
53076
29806
49178
48116
48342
56230
61998
51576
42014
42630
48960
57480
40884
43034
26708
47364
56490
54968
39018
42852
30356
33722
39368
41028
47304
36404
40630
40362
45288
51930
53998
48740
37020
30440
41592
45268
53082
57824
43382
42656
61480
37752
39272
36474
53260
51156
31858
42558
50884
48680
38820
57968
47474
33502
51118
43618
45538
49390
59922
53076
37464
57050
36404
54594
61736
44800
44408
42606
55022
59754
39938
45274
31896
52440
55138
51828
37074
60876
55686
39462
57764
25868
51060
41740
57890
48310
50208
28426
48062
37342
37356
51348
43764
45670
35638
36730
32128
52732
50006
56716
44580
46164
50556
36372
50176
46612
60110
38446
34046
40156
52958
39180
35206
48660
43902
42178
35236
38720
43944
38162
45714
45646
48456
46456
53124
32776
57186
40628
47508
52254
36682
49252
26034
47138
46548
46978
44278
53942
38432
49196
43510
36742
54408
45316
36990
50820
52830
50758
42928
45608
44676
48052
43072
41098
50616
35938
49526
55518
54140
40462
36618
47956
42402
37336
35176
47902
61868
30350
50138
47244
59860
38130
41972
44704
47010
57794
46484
54324
47846
45720
32236
32636
26540
51412
42786
39130
40306
34014
44848
38142
51354
39966
52962
44104
61008
38278
34302
43874
48540
45860
37676
49870
29042
56746
38856
42888
53512
43432
41846
28990
32674
56434
54242
43910
36280
47152
44270
51020
55290
45234
34282
41488
49340
56544
40012
56590
57938
42598
36956
40218
43836
56778
35568
33306
41622
44574
43090
29024
49760
54370
54466
33606
46864
21480
50232
34748
53472
54766
37960
58114
52926
53254
42764
33876
54852
61200
46454
29484
48184
46424
60938
44960
50346
35362
33058
41668
55232
39872
35444
45942
63752
49276
44666
64102
40870
57318
38826
38482
28776
57434
41078
54140
41424
45164
28638
50012
41044
46804
21366
29270
51838
41034
53980
48036
39918
42098
50500
40806
43138
33948
46508
38044
46144
48550
28296
28452
50810
35120
32154
41742
44518
60004
40232
34208
44458
55870
40240
39036
46212
49030
46328
43992
45164
42432
29102
60764
39578
37280
56502
41830
38354
36846
30552
41958
51040
37352
47840
52220
56332
51154
34830
54092
45268
51496
35968
44132
40124
43070
31576
43858
52646
53180
57468
50754
38004
45968
47764
48754
52006
54092
37316
29308
48860
30928
30370
27812
50286
44734
50224
42696
25636
40928
37230
50330
41422
50552
45326
54288
47832
45124
43086
62548
38582
40432
49496
44096
50800
60202
47032
54214
40238
46072
41464
51588
48662
56394
43468
64450
42108
50442
47174
41648
48102
48910
36706
47300
61590
58394
41678
46138
50022
34102
56940
41640
53762
51228
44682
29428
32496
47580
49858
45638
44844
55326
44004
36144
43280
57644
51364
50600
37978
55632
48038
42482
43976
37876
35720
43582
45792
47294
40622
39076
43336
47956
45440
48246
40866
36712
31750
46180
51046
50004
40936
38222
37446
31772
41098
40364
29486
43460
46724
36664
54280
59086
48518
46888
34784
55802
47802
45632
50236
36292
44512
51210
53978
54642
54692
32640
35962
49100
58310
38854
54688
49670
44550
35926
61900
54750
50768
52140
61716
53138
33280
40106
47520
59592
59712
42770
39718
60196
47976
42884
34228
48388
46150
50304
51818
37410
47600
50378
40010
37128
48430
36570
37620
39914
39480
52718
44982
55460
51628
28952
53532
43758
36724
44780
46824
49630
39706
46748
37448
56234
33348
44030
49358
37136
46844
47616
63506
44418
41592
43352
31498
52264
45382
44858
46246
33520
40796
40426
37534
40222
36844
48928
60312
35910
29990
48170
47520
46902
32990
48682
42828
38538
29236
49714
56516
40240
36018
52342
41214
53526
42696
48214
37930
31528
31410
37574
56722
43584
29438
45490
32584
38214
45708
45438
50424
34846
47466
57898
54846
47574
33830
45380
57344
35896
50730
38288
32200
36232
45938
41572
31184
45848
55566
46456
34822
49982
32728
27256
61010
47656
65698
50868
51288
46132
49012
53098
40564
51774
41870
35174
43878
43388
21464
38512
39636
31974
47772
54936
28622
38594
30882
53374
52204
19506
31988
51298
36448
39522
53850
52092
46490
41764
56408
35544
30542
28916
60154
38384
45462
35486
46730
35054
35516
59124
58154
47510
52710
50804
35886
49944
49918
55658
48952
45862
54364
47444
47538
42612
37724
43868
43968
33860
52518
44826
55714
40844
33894
52144
39158
41144
43416
59318
33788
42544
41418
47450
36320
51236
65226
47170
53906
47542
42674
43090
61840
42894
35828
36094
37914
44400
43686
55228
41692
31686
53048
47468
53752
26676
58340
40612
41454
60418
42548
58800
46690
52882
41212
40922
43024
44588
30198
47812
59642
59302
47074
29552
49256
39586
47080
35940
50844
55354
47426
43168
53002
53264
30332
54680
49206
52148
49770
46828
45982
54930
51910
42814
21664
46186
52638
41240
58770
22332
57790
61674
49572
29828
57850
53686
43024
48220
47830
42030
34762
56586
38614
52724
48836
42112
47772
27422
64268
53890
39218
49252
49662
39680
42608
49580
41092
42920
50728
54894
42396
55308
48780
57604
49042
54198
34292
39852
44056
40734
42564
36718
35054
45618
43196
50688
47182
38070
42886
51264
54422
59540
40538
55662
40434
41814
54524
39010
41450
44306
38548
49732
39388
65458
53018
52738
68318
40302
36546
36880
43672
57058
48340
39150
52216
43210
49268
46882
41592
53196
57210
55768
39030
33550
35596
47976
42864
26966
41196
44256
36036
31256
28132
58678
33022
61580
39178
50036
55196
32312
35796
51416
37788
56762
49454
43766
48374
43576
53980
39008
46428
45240
49416
31060
41116
48634
42096
41128
44780
45036
51152
47156
39770
50758
50158
35548
35636
42186
44796
40302
45126
41742
43854
40150
51416
48972
43978
50694
57660
53908
36374
36272
61300
27964
41886
44864
59682
32908
41422
34080
50972
36208
53608
48202
43068
54406
47822
50842
43312
37680
57134
36420
42626
41000
45496
51222
53258
53772
47900
53884
52914
42756
48572
52796
40444
32534
42476
38592
47488
51746
51626
28386
67862
52996
34872
41112
39080
58500
60846
48274
40704
38552
43018
37006
38648
59706
33986
48472
59870
45644
44600
39764
48386
38020
48448
45758
43090
46520
28376
42266
60142
50790
37242
35160
51528
49762
48490
36602
44620
50408
51614
39206
51958
43046
37620
39752
51034
60234
46776
54912
34646
46928
64650
60630
35632
37522
35868
42118
46386
45826
30850
43736
56638
44730
41752
37408
42578
58104
47856
49050
43284
43890
44048
52818
39126
37982
55516
56246
55558
54392
50396
23458
26110
50716
43460
57056
42954
51598
30720
40560
40274
33334
38530
45372
27294
48352
39334
54654
49326
42948
41592
59464
56814
59284
48790
65126
33218
53548
42376
48614
44056
54988
44346
52118
50788
35968
46280
40934
32436
43124
32238
39964
38006
46474
52772
58358
37724
46700
51714
40816
52566
60812
41934
42966
55830
43816
52518
43552
31706
52964
58402
45854
50050
33510
48188
56876
44892
54878
29810
56680
44920
56508
45736
39964
56746
47232
39932
44996
59662
45100
31826
47344
42926
36654
44406
55622
47768
42248
48320
17688
42954
37060
61648
60172
56428
36682
47992
30002
34900
42714
47940
38602
41224
43366
49092
40384
55516
30310
42948
64416
59218
44286
51196
33236
48592
48508
43384
43728
60552
40564
52270
36320
49756
54000
55378
44822
42906
49108
50294
56542
46726
53640
47264
40746
25900
45260
35522
47752
41894
44686
50152
39092
37110
64788
55280
54196
51460
52738
41988
50444
59420
46592
49058
50604
37572
46370
43380
48414
37588
39976
48422
30578
32818
37806
38394
48800
54360
40832
42314
45312
61530
45982
36822
44928
34788
59780
49200
69640
59386
56096
49894
38700
38660
57754
46258
29532
56590
33644
47030
52610
40042
48662
34166
32114
44548
55876
57028
59872
44594
55280
54972
31400
50564
53666
27312
59232
46730
46210
45090
44218
52800
51562
61538
44512
52730
45354
42466
52536
24066
45474
57160
40534
44526
28350
26780
43510
56646
51234
49992
30532
38618
39598
47656
39716
48222
35152
57458
39252
57794
55628
33038
56112
52876
37728
41204
42896
49428
40806
37402
52574
56308
47128
37832
41586
58428
35334
56592
55154
41108
47088
54228
54036
46656
28934
32942
47978
55274
31400
33872
39858
50790
40670
36584
45574
49098
44304
34670
35504
44854
37368
52238
44454
47118
51670
48322
44692
35272
51230
43968
33470
41806
44102
32160
44526
47244
44240
53216
59560
43566
40610
48350
46142
40734
60772
33990
54612
39144
39866
47372
42862
45606
47788
43992
44716
47338
46720
57296
39504
50688
53266
49746
35844
55262
36532
52792
49318
54562
46416
47036
45982
34924
32226
45302
48352
54946
38782
38268
35990
38442
56386
24432
45126
41472
51748
57004
43382
29576
47250
53350
54802
36970
43490
46430
33758
36288
60052
58340
27152
58488
36868
49544
38244
48122
57508
42398
34168
36770
50560
33898
40018
50500
39286
41940
55880
52704
41718
40160
51310
45354
39884
46728
52426
48608
40476
52308
30534
28048
52500
37676
49936
39808
64516
24408
63412
48550
60986
48490
56688
35464
50726
39694
52282
59898
48088
47892
44218
34288
38562
35080
55552
28918
30384
52866
35824
48200
43042
51542
45990
47184
44774
47132
48380
46934
54868
52542
54448
57506
60578
40870
37262
40270
43342
38318
43834
46580
46232
44468
50758
53410
46352
41242
31154
54752
40922
29336
50166
43044
53244
34788
46466
44874
44596
53126
55772
55244
48984
52004
55968
54198
42970
40812
66858
52534
55570
27976
42116
55844
28180
45112
44226
44158
75104
37164
37096
42222
44694
51566
58354
54818
41014
40346
30686
59648
50758
62880
40124
46164
33108
50254
40290
54298
40094
35082
52546
52388
52724
48418
45100
51352
33838
45486
39620
36964
51764
46814
29030
36088
41184
47098
57444
52356
48808
39398
30326
39830
57548
62310
37032
40786
49080
48116
52030
54082
41914
53576
49022
38398
44438
34108
32952
51268
33794
56188
42460
48182
44770
40384
44892
51804
43190
51938
48638
32512
42210
58664
47240
56006
42858
44584
31414
36736
55576
44380
34780
48880
32744
44852
42488
44974
57048
43612
34634
50446
45742
33236
36384
66074
35728
37022
37328
42852
26460
52288
44364
30088
29036
38302
57956
49948
53534
49426
54702
34878
41954
36824
42292
43308
55448
32306
37056
56350
43858
63782
44228
34246
52246
39424
49014
39934
33648
44552
51942
39120
48396
31246
46996
46782
30600
40024
57260
41730
54392
40594
44460
46260
32614
39276
46598
48296
48378
32660
49846
33584
47196
41116
49784
37666
39270
40672
44540
40004
43422
52624
48520
36710
51342
59562
50328
34808
43612
62622
37540
43300
44120
31764
49908
42840
40714
62272
41606
28968
44288
39696
51324
35308
61104
43642
32564
43042
66560
32972
50430
46366
58436
42060
56380
39944
33618
35856
48096
44708
43090
29984
26664
41142
52586
42680
52148
55156
54686
34996
55540
37594
58032
35746
51462
42804
54846
57292
43866
37408
31690
46110
42890
49536
55046
31766
47454
46788
23650
44588
48706
32982
29758
33876
45592
60468
41348
43618
35164
49116
46152
32074
44926
37486
37030
44900
45930
49746
44112
40906
43080
46582
52228
52922
50710
41050
35392
58448
50958
53722
47110
40378
46144
40700
37882
54932
49004
55318
51644
60836
50520
42442
56124
36130
33028
38292
47382
40492
51418
40120
49544
39440
36052
54914
41138
53060
51742
33774
37012
37750
33748
38502
38642
50462
34836
48848
35794
42274
37780
31950
41716
39156
53784
47702
50154
40320
50422
32284
47908
34416
42560
40254
43132
29532
53460
32636
43680
51910
37644
41102
39254
25906
50184
43404
34030
44744
47472
56084
41284
41484
43958
49396
46694
49302
57866
54868
40000
31736
44576
60878
47654
29362
41668
38972
42418
43556
40384
44826
63840
40510
33916
53056
57416
54060
37738
22588
39980
38912
60140
48990
52344
44512
50650
42370
50048
45674
37066
28454
58348
56004
35388
34574
69196
30482
39522
37710
51596
40340
37818
34188
30230
51540
35026
39222
39764
44650
51866
41576
35886
56554
50496
57050
38680
67888
54480
56092
25688
40402
49128
54640
40170
39844
41754
50060
43758
41746
40166
45078
45282
51256
54746
41522
42828
37158
52140
52266
54960
58964
41810
39094
38768
39792
41588
47800
52304
40534
50354
60198
31496
44108
32258
48098
41734
33618
44960
49992
32290
35458
50664
47230
54176
53250
44078
65210
33856
51540
36802
39042
35944
55144
44384
47568
43880
36486
65420
39066
50206
67704
44828
55108
31154
36960
45682
37704
50142
44744
56160
53968
33884
57540
48276
51424
47434
37042
37174
52674
36208
42704
52946
31446
34494
42272
42982
36918
57124
38284
46824
46562
39794
34778
40946
50404
52258
51240
36180
52398
39672
44948
38330
51922
52650
46936
54414
35118
55974
39452
53012
33450
27614
50378
44732
29700
36946
42370
43380
44040
42098
26190
42360
53832
59678
44948
42318
33754
42952
33544
30042
48450
41504
51974
40814
26474
42848
50388
37836
26054
59176
44160
52774
53738
49370
37708
64664
33232
35680
42470
42854
36408
44644
39372
44412
51876
40132
44032
48324
41684
56886
56840
42718
36174
34020
43054
44312
36872
45416
48520
33150
55296
48088
36944
20618
53902
37484
33136
58698
46656
27312
51200
41844
58266
46360
57168
57258
31874
38030
37874
36486
45722
44010
44412
49480
38684
49244
48838
54442
54358
46600
58956
59836
55782
31684
52050
50882
57112
33908
32814
44242
38316
40822
40572
41824
51798
53950
31944
53052
51314
52312
39938
50156
33208
51122
54292
59834
59734
31570
30574
27278
39950
60768
55662
40104
37362
44964
35202
64430
30398
33490
40592
40056
51422
40440
44928
36202
42764
39370
41558
36200
60104
33724
62600
60960
46758
46278
52876
31916
54282
39912
43476
49544
61532
42244
54426
39302
59772
22916
33808
53056
31808
39064
46760
46748
36632
46512
63118
57074
55302
40572
54906
66868
38062
48630
45090
43674
54190
52810
63588
38632
43774
42826
40438
39242
56112
57274
51570
50758
28334
56300
38920
41916
60696
46912
58564
62710
45920
36034
42798
57066
58770
41840
57168
43764
61666
33844
47770
41144
31074
45588
51278
40142
25826
48526
62282
48680
34648
39430
51856
44784
40876
40874
46854
73250
49914
43518
45156
39264
31758
38124
48242
45388
43368
48886
58648
42610
50826
48256
54466
44662
63576
43594
50094
45696
51436
25998
61724
37784
39984
33196
39630
48222
44662
63910
54706
37922
60336
53788
52186
44178
45734
48752
34906
55396
34476
56444
42652
65128
52416
30482
39774
27702
61526
59672
43384
51948
50434
64174
42088
44976
41712
40808
30508
44340
56994
40244
48110
35256
50272
37562
51768
50968
44000
41010
55594
39544
40546
55828
41020
25904
36842
47856
43994
41994
50506
26356
31404
44472
37450
52234
42218
51112
50780
50760
55416
41524
47422
45290
39762
37734
35880
38724
48898
58174
44156
52382
59786
52104
50848
39682
40380
43518
49290
44566
38012
55124
40586
29596
53572
40300
56516
48468
50226
48660
56892
40306
45834
35092
33534
42744
40212
41348
47586
38772
51906
36682
57496
52780
58034
42178
38974
33950
48936
52464
52838
55182
33374
48912
30302
48976
55846
46470
47394
47482
41748
27990
38506
43438
35118
40934
44474
59502
53894
47266
56164
43292
43192
54674
58762
39530
42382
47914
51218
46714
38590
55468
49150
36418
22032
28204
50556
37084
31962
44888
46298
56314
59358
45256
58012
47210
45950
51936
30558
40914
43410
51024
67914
41424
36288
53584
52728
32094
38710
49762
58624
34370
37448
52148
45594
46782
42710
31116
51144
31494
43322
38716
62676
58066
43384
34044
48908
39220
42222
43840
64294
40308
27952
33248
34832
30322
56292
45814
48898
60592
50992
45390
47244
45554
45650
30942
53904
49258
49512
38594
34506
42946
53880
30546
48118
45948
52870
51452
50468
42034
44450
44338
28822
25992
54588
54084
60696
55218
59868
40622
58610
45480
51958
37232
37418
41414
39880
58322
57272
41228
35226
46684
34010
38286
47698
50172
28042
58026
31206
29528
38348
36292
35724
39246
50460
25252
47572
45606
36056
49580
56908
28094
55814
30474
42340
31326
43644
44184
32344
54822
59258
41794
25322
46454
41178
40778
33236
51132
60756
41720
42372
23676
50458
46498
54850
30804
43808
36386
35188
31656
33242
32148
43912
48480
56070
36406
48610
22998
59790
39452
33078
48112
41602
25772
29512
39554
35076
44226
47330
67270
56420
58668
57526
36376
25836
45278
45458
51672
42618
58928
52102
42758
45544
38564
42628
45354
59786
48148
61568
48110
46408
58250
55094
41948
56522
40650
47952
50512
47456
57400
52716
46506
37330
42560
41334
32016
53410
33128
43506
42026
52512
47192
45410
49238
50418
50662
44786
58012
30728
44220
40234
44848
49788
49604
53300
45448
48248
49402
37894
44458
43702
49182
47668
54656
48150
51532
42740
45364
46278
41062
52748
39956
46872
49508
30364
56664
30906
49282
49536
47612
51726
50248
45838
42962
50334
58906
42514
61404
30816
36554
59270
37994
44922
44764
43192
47760
36726
34166
53800
47238
54152
41928
32712
34082
47568
39046
53296
40902
47224
59882
42204
45132
53506
46862
45138
37008
38604
42762
34460
57068
37000
35454
36018
36956
35618
66274
39012
71578
23038
29164
46534
40152
54336
59494
62224
41130
47666
52260
28804
41812
54900
36670
42682
39516
55454
38596
44924
38010
46686
50410
48584
49720
60652
47848
45372
43346
46250
32934
42382
34018
53276
42508
57264
51644
41110
38668
45768
62500
37488
56028
47214
35784
47814
53774
55394
50056
53668
20446
42614
58712
47784
46244
63464
50086
44526
37876
27354
47736
35340
51128
44134
39290
54402
31144
53988
54716
38442
62314
44758
39414
32592
29440
42336
44408
50450
49126
37556
45252
39784
49198
61348
52264
40828
37302
46022
40838
24172
33268
46906
42168
51252
45728
31518
40238
48390
54080
57608
42654
42846
55206
50112
40094
46602
57122
47098
56542
54990
57462
53576
34168
52024
40642
50536
45138
53694
41690
46266
57538
33984
54044
46188
48204
48730
58866
43364
41726
47644
61878
23684
49574
48426
26988
47680
50306
41260
49662
36280
40836
32850
48282
40718
58484
47176
33592
38686
27014
53594
58678
38186
28192
31744
35842
37374
33526
29520
41674
46708
45196
36650
32862
54784
49366
57342
40552
57982
48714
47920
46238
54202
43010
47568
43078
36008
45158
43648
37232
49934
48452
42232
55642
31294
40774
60102
38178
45392
29314
56418
44292
66162
35250
44776
35090
27956
37678
52540
50376
37996
52442
36780
39994
44758
40068
45606
49860
51072
49990
35330
41256
50584
60980
50870
45254
47202
35290
47808
55912
46294
41770
46906
40418
45126
49834
46704
39728
50268
39344
41000
23910
42392
48032
45872
41658
53972
62554
47066
51074
34308
34594
51972
46918
36398
43424
57360
48066
33044
39418
51210
44878
47488
68468
48022
40480
48774
45984
27436
50322
45648
43110
47678
55522
53306
31936
56916
48248
57210
51316
42126
49526
43870
47452
32102
55572
49460
45794
35060
34944
64344
51908
34884
63020
19996
43640
32720
56412
50778
35584
37530
52924
49566
45848
35778
47486
37504
53280
33296
47724
43226
45710
47610
41474
53512
41386
51346
35160
52026
55826
57098
30842
48332
48794
57266
50584
34146
52894
42406
49022
49660
59758
44780
40478
42912
43288
46758
50184
40640
41592
37790
49664
52742
42532
44640
53644
26962
41938
37594
27850
54016
40910
62630
57736
50782
53542
49180
23696
48058
59676
46658
41332
42104
50718
51150
44282
43678
48700
61248
48512
42410
53738
46548
36490
43708
40874
35502
34146
49660
46430
52574
54354
30186
42350
35176
42056
43468
37082
46660
67442
57564
23532
42474
62864
53576
38842
18992
40194
38606
61268
54814
48604
38922
67792
52804
39942
55268
18984
37260
38022
57692
49508
44960
43728
44844
38808
27610
61006
45734
58096
38398
37522
52006
39538
48414
46498
48800
38784
37198
41766
60554
37700
36468
44780
51774
37174
37146
40572
49740
56804
47522
39558
55754
50790
40250
27328
57810
52990
58710
29636
44660
23904
43938
59754
41656
53494
51520
44406
40602
44396
39368
40284
35070
26192
40116
37208
40398
31098
53340
32784
40526
49512
47924
47694
46050
42044
40022
36258
35674
45964
23284
42266
49400
44838
55614
49256
36546
26958
36516
48762
44242
56224
43768
49376
49280
59008
51342
29588
58664
34524
29070
42534
32658
53574
45460
38778
48824
24848
41330
41034
34992
58842
44272
53840
58058
35074
46916
46436
47948
36224
45112
33054
44224
46390
50876
60672
58566
50068
50898
49492
49282
48124
48386
44034
41964
44384
40954
35268
49966
38000
41256
29942
41864
47258
48176
46468
57258
33494
45230
51040
36790
40728
47332
66246
47064
58684
40106
41188
38002
40850
47474
40610
35394
45440
27712
36200
52814
46358
26398
42748
51134
57814
43898
33994
68698
29548
25390
40232
40702
41650
28128
54060
51660
44172
44486
44542
33306
39346
34282
56438
51832
40366
36904
51844
46230
48526
33238
60176
49896
64772
43680
47702
28652
38758
59666
32136
40080
50474
48816
34272
63618
36810
62650
29210
61902
40004
41864
53866
25660
29280
59136
56092
36432
55478
51006
36396
51624
53918
49362
49850
42946
56198
40854
57876
56224
49084
46758
36896
27512
49934
46382
55390
66128
39376
40114
55618
47992
49050
51314
49960
52774
32356
43654
36452
50526
50728
51772
39226
34740
36474
33470
48832
53212
54302
49054
42550
36392
27306
29606
48226
32064
29846
33800
51966
44956
52630
40088
44306
26138
47958
63082
60712
39018
48760
41474
40590
47522
41764
47822
42922
48884
57406
36282
46948
58898
51972
46468
55222
36148
46596
46188
43444
49054
48414
61878
55144
46472
59700
45306
50488
41702
39150
30568
46382
48038
36320
32290
48504
47634
37008
52542
33142
50586
48752
33566
59958
38584
59094
59342
45218
46862
65650
42576
45258
46972
44466
28990
38680
42046
36070
43240
50008
42262
43344
48946
36294
51178
36464
54188
51240
58884
44028
39534
31804
31950
43822
35526
37404
54148
45984
55520
38004
50280
49262
50082
60800
45380
46014
49800
53190
37446
42660
57132
59828
34194
37872
49174
23704
59984
61290
53690
39060
44160
35992
44662
44308
47878
46190
49962
42070
39244
39370
43792
70966
55804
51738
27570
54538
52426
39436
36140
51128
31360
46190
44856
40548
44320
47814
30306
47612
44134
43488
46472
50372
51506
38236
49010
33688
46922
59610
39580
35666
45516
27618
57630
46416
45284
28010
19484
45546
51308
38284
39262
46318
46948
47070
43010
36910
49764
38268
34204
45150
55968
52414
46772
44382
51504
50140
33022
37772
46620
51082
48190
62480
32822
42728
43504
51862
47488
46462
36970
51858
61222
67144
48990
51670
43992
39562
41608
35954
61366
51446
47320
47024
50432
49922
33022
47984
45404
45912
45288
40900
51928
45996
36082
37322
40426
53292
39412
54130
31226
37586
41286
41692
49220
31260
38410
50902
45682
37118
55000
35816
48050
29922
31612
65868
29354
41084
53904
49726
31896
33916
50692
27036
50564
34818
43558
40474
34830
45140
43500
28118
48540
46516
40830
51638
32576
49334
57758
66322
44370
44374
30810
53410
42770
49790
48718
45136
43614
47552
38486
49468
48458
49934
45134
44690
33590
40406
49756
46254
53346
45326
56658
40558
43960
54170
34350
42220
55026
29384
46472
40646
54506
43428
24930
51376
38302
50736
51232
29944
41346
40536
46662
38702
45628
31728
62336
40892
47922
40618
50088
34896
51950
45680
25270
37744
45282
44306
40912
34916
47526
50418
51108
49110
47918
24546
38536
38640
57862
57566
47606
46938
37248
60790
38694
48202
42784
51784
38748
50570
51754
40956
46336
38972
46544
49002
41636
28384
32784
49286
46688
35026
34238
31756
54764
43198
35124
33170
46630
43052
46000
18964
58290
48022
48810
61056
50662
42898
50314
51346
54322
49080
42702
44180
46510
50560
57800
46008
47334
48692
50956
49092
45796
35118
50116
47958
37594
39764
30048
47898
47920
45038
34428
36084
50654
42266
48992
54932
38340
57766
62394
44128
36416
37536
40214
49488
32628
52360
49804
47612
53820
49362
58754
43172
46488
37550
42112
59600
33362
43318
37812
45470
45184
48040
36118
38726
46634
53310
44510
41820
51594
43258
37150
27422
55880
44586
25820
50000
42974
41966
35808
46356
47238
55396
47004
42040
38892
46554
31226
53150
38412
55012
40020
47038
36548
40314
50682
58658
40226
48446
59994
37170
48288
36870
45160
61304
42152
52276
38848
44426
45320
51074
41446
31032
34586
49472
55868
54278
34416
37704
51256
61840
46334
37148
30554
42082
37348
50096
40810
42560
45802
56236
40628
54906
33180
51642
46520
48660
46620
35306
23244
49246
52572
32358
41520
42980
49180
49686
38418
51310
58446
47208
62248
42692
61358
49160
61414
35042
19770
40616
47956
50262
54696
35510
40504
43706
35322
49874
45892
46690
25466
49266
46568
51858
39828
48204
59080
60086
61436
48400
35888
32522
33470
45192
39128
33486
41112
45798
42822
38054
52666
56550
50632
51896
50668
28462
42698
48878
58348
46856
47876
50060
42892
49008
47798
50978
31378
52318
39174
52534
43538
51638
52848
41302
42994
56896
40676
46830
51342
56452
59686
70646
50064
49316
49168
56520
45108
41262
49808
43828
49964
59592
45740
50156
31406
26822
51826
36696
60678
30178
42864
59496
36486
53606
51434
45950
50568
60058
26312
48522
35772
51232
39330
48080
37474
51812
46042
57678
38652
56734
34278
41978
41718
53866
63728
38900
34134
37852
51670
44624
54702
32814
59888
33232
23448
45004
42908
30828
40582
52764
62634
50370
47712
40408
60496
55282
48090
47110
41842
46236
46500
45220
41344
52624
54098
48034
42642
27706
64152
56892
61972
51320
51466
42570
40852
37332
23318
32574
45552
38466
47110
50750
33890
43502
29598
39998
25890
40786
41878
53372
46594
64568
57376
43502
51280
48498
49156
35150
41224
47218
47926
24138
27506
38676
42370
50098
41666
33294
35376
37710
57728
53992
54348
49538
51484
55654
47808
32972
46842
42132
49298
48958
47680
52386
51396
61706
57034
36292
39526
29142
35348
39608
39966
45196
48072
48090
29820
31434
47662
41168
40984
61996
55866
45746
46044
27482
38214
59462
38652
47496
37718
57054
34748
42772
47022
34104
56074
32928
34176
56582
43814
27108
42496
50392
37478
57388
59190
47756
62640
49292
43788
47734
55904
42714
49190
58540
43184
45854
46496
50344
30264
38474
50570
44024
44770
42752
49368
51504
37022
38162
44548
34362
38304
52498
38884
51440
54708
26230
55174
40726
48886
47256
45042
30838
61924
43312
38504
29548
40796
51358
44892
50324
46592
52122
46536
35424
48322
48632
50748
63742
40740
43704
43640
51416
28970
44492
48788
21662
31446
55412
39196
32572
42414
51532
43594
33642
60340
53766
51140
45466
39068
43236
44116
61326
52070
56096
37852
39194
45820
53724
45272
40578
37494
61642
39532
29810
39260
58290
56182
48960
41094
43392
39308
48510
59544
58732
48272
30796
65234
33552
42190
44160
37402
47234
42058
59740
39876
41894
57898
54014
49440
33410
47764
49692
62172
39710
38064
41544
38370
48082
60498
42776
47568
44528
21928
38748
33754
33850
40064
39818
46320
67556
58214
49574
43258
40572
40848
34174
42302
47742
51896
46548
46506
48718
49584
40236
51962
63434
49232
47336
46558
54118
52166
39936
54030
36456
44684
55332
48458
44016
55606
55302
37846
43000
37314
40972
44324
40650
52106
45584
32618
45984
49958
27602
54428
50686
36940
51980
47676
47548
43504
29400
41160
37672
41352
39334
36156
44518
22790
36232
69684
38212
53872
33190
49874
52290
44186
41052
49298
38654
63152
44494
34824
46398
37440
49800
46792
37034
38816
48714
39734
45898
41562
36910
35186
37992
46970
49558
34552
33798
53644
39838
35940
35600
50078
33584
45944
53276
44574
61794
60310
52026
27892
36540
53634
52520
42602
48724
41140
39938
51538
43146
40354
36936
32228
34830
47752
45828
30764
41566
52222
53352
52516
51358
45284
45834
37384
37938
55112
28486
43804
44706
33902
43760
53712
51564
44198
46194
47936
37412
35798
58860
42646
29214
50678
62022
34986
44286
36920
41534
36552
29514
45632
60278
44738
26984
49204
54736
38942
41964
40012
26944
55100
40464
42432
54148
37798
29838
30314
27708
42482
46026
34008
40750
50128
32628
44288
38980
63884
48392
42904
40384
41036
54500
34166
38078
53956
36838
43208
61784
33958
51682
48640
37808
40826
36714
44970
27144
48290
48598
49294
32528
41824
29384
50424
40976
45398
47720
51948
48584
33414
38502
58044
36908
52170
33070
51890
42378
59724
38584
43966
27858
47544
31742
40406
29898
46744
47694
42510
43822
54530
42806
38008
58062
42440
63714
47526
36858
51826
52022
42334
53744
51836
62494
43578
63462
46544
37626
39772
36594
35898
32546
38306
49350
63954
37572
39914
35844
47216
39660
37088
51188
26212
45566
58474
58810
34520
39546
57322
53536
30070
38844
43312
64328
40204
51266
34238
57038
36480
42334
49972
58746
46746
63502
39454
39514
52758
59116
40182
47068
49548
42370
49516
49962
40108
42200
47628
41446
53642
54162
55836
54172
60468
49520
41464
39642
28064
57726
32246
47174
40878
33416
39078
35134
57592
40984
35856
38860
50500
37642
47582
57574
47306
30278
64158
51030
44572
41040
38626
48258
59204
40022
47906
49998
51296
55386
53844
51866
29868
46010
36992
40384
43854
29770
53006
48490
54430
42536
34460
39634
55608
41610
40624
40896
67796
34590
45574
41064
46938
41712
53838
51062
46748
46938
38536
51730
40586
46296
55942
41542
47558
17700
54862
22176
51004
34004
37718
47434
43310
53710
59394
41192
40382
40276
33202
31518
53782
41136
34954
24630
51722
37298
45592
42032
34414
62460
39562
21570
30322
36626
43174
34342
55950
34164
57456
35918
44030
47524
40492
31360
45310
50698
51790
33020
51418
55962
55060
52766
52834
39654
35348
42218
50852
57716
53808
48606
35320
51740
44560
39206
50704
44828
53060
38880
56656
41164
48836
59842
22962
38760
45642
40906
54312
42288
36594
45820
55586
47932
42470
38674
45470
42330
32316
45720
49824
57600
61176
49030
30608
28320
35380
45234
47242
66478
47138
34982
44210
33890
23290
51782
51054
61436
56456
38406
43820
43282
46564
32998
48308
47186
45270
53810
61464
44650
44754
58592
42008
54042
42412
55112
37564
60918
44988
42568
62648
44688
50518
45300
49646
38382
45664
41672
44692
40856
49008
33494
46736
44214
35358
57736
42096
34810
30790
44030
50962
54354
44864
50530
40266
45636
34672
41732
42484
53274
42680
51472
48878
46916
55352
34640
54120
47030
50486
47524
36556
29674
68082
33014
40546
46174
49502
44398
47346
54552
54616
58574
48446
35834
37202
38380
50782
37424
37136
44422
37430
53226
43756
49382
45956
45666
40600
45670
30676
54120
45910
45776
44912
32570
34486
45760
44304
39620
42338
45498
37056
34382
35032
59916
34724
36614
39332
57320
37656
48602
54478
33932
32044
53956
43160
43104
57414
41464
53306
62224
44894
34648
51708
26694
40170
45560
33198
46720
36994
42122
33658
43530
44534
42218
49220
43784
48086
45766
51058
36624
47272
38980
29470
38492
38196
34054
62332
57804
50044
44224
44706
43198
34554
41232
34600
29960
47920
49712
37516
44758
32974
64446
43116
44456
43332
46106
50646
49936
47252
36564
62988
43122
43690
57920
48562
44938
41630
38828
45042
40876
30244
43722
51464
38804
40732
48916
48354
46568
33904
38452
44282
45168
36980
36080
48394
59194
47898
48356
27834
53508
43708
53528
54598
49184
62326
41004
28042
43378
48492
39498
38544
44248
57290
41484
38818
50358
50778
52026
33184
42132
48062
36874
38382
51512
54066
49030
30290
38832
28236
43844
33350
41298
45670
28434
34894
57432
42304
44078
36588
47794
49444
39472
36184
51486
30596
36526
37418
45154
50418
25088
47164
38446
42388
40852
31858
48760
48076
24434
50528
52724
25762
60650
54004
42738
46538
46094
46090
36116
40422
55568
26224
51536
43722
48546
38164
30892
38328
55812
50156
47146
51246
37660
48364
40834
48444
35624
45200
59666
39974
28104
43652
33618
48204
34854
51532
26070
46580
55214
52254
39810
53420
47716
46028
52952
46838
38718
38174
55878
45848
53352
44064
36610
41988
40328
40084
52462
26274
50626
38040
47902
50776
48478
43858
48964
43170
50660
43096
46930
59216
62350
36482
51672
52074
41636
30878
35796
38780
53402
46764
52876
30904
36522
41298
47262
32956
55926
56700
54110
49306
55770
61424
56416
48870
50544
44580
53944
36858
27064
39972
52294
38160
49764
41818
56450
50996
39460
46742
53290
39148
38858
46242
30942
48310
54952
60794
37016
57824
41934
50650
48054
39618
52040
37178
47816
51064
50740
40830
45350
44850
45578
30974
57646
44992
45400
39486
53780
38786
61794
38954
39198
53168
23646
44992
33760
42256
43862
47490
49010
22998
51324
51486
40060
20920
46318
54818
42882
46230
39784
53554
54414
58018
38946
59088
40514
41202
45738
29500
33244
47470
49748
53188
28602
52810
51002
56716
59288
63088
50924
36714
35784
61644
49716
38646
48694
51980
37088
56090
51184
47172
32966
49580
43484
41908
41752
42654
49230
36474
36664
49806
47524
47158
40222
31110
47192
46308
42236
46952
37236
48450
47854
36252
54068
46050
55558
52120
60578
52782
33814
58288
34488
50900
50324
25738
53254
35564
41624
31390
58996
33144
41152
38834
61004
27580
43958
39002
39282
45790
35938
42708
45482
46132
44796
53362
32742
43428
47922
39364
64556
31522
46758
36890
46460
55362
39752
54084
42624
52338
51706
51170
51206
53032
50132
53594
40898
47340
39572
63292
66904
29044
53282
54912
39016
47256
45182
45350
31742
45700
56200
55882
36916
44498
39340
47294
22410
38222
42528
42924
54636
44404
56248
38278
21944
62744
50506
46558
56360
43578
50594
40470
43950
55620
38966
55788
31924
46804
50886
45258
47880
43508
39414
62208
42268
49150
40490
46368
30590
42424
46394
33976
65992
52010
50090
55176
39952
45808
32852
64254
38312
32326
40082
65812
44716
51260
63570
26120
37448
54900
51348
45394
53944
50978
46110
37064
45694
46474
49334
42266
25530
53422
53152
45732
40442
42824
42858
44588
52162
51320
46376
38998
34650
52270
39160
46340
60536
27300
57420
49686
45336
41114
38660
46146
49852
43628
37386
40358
47184
47322
55652
49286
60618
49608
42060
53750
39466
62538
41952
54400
45842
46926
38668
60190
38550
52700
50476
38016
56924
53744
47314
41734
44262
48384
58324
60876
53394
34978
41302
26450
54114
52626
47510
49482
41802
45508
51052
35472
49404
33928
42628
56976
40566
47052
40062
47306
39646
49588
33500
50704
35084
39522
48180
20202
32766
42878
46150
59658
45634
41378
46092
42726
65420
53302
50944
65360
48470
35588
37784
49962
51204
51572
35846
38082
47228
36804
50058
34556
47778
56088
31848
41370
42444
35092
43346
60966
45248
46110
38078
45530
32196
41876
35626
37580
43200
50370
41160
41952
40984
50740
28262
58970
49278
38394
61458
39116
42936
37968
61764
45494
53340
46104
46938
46752
45376
43018
57214
44446
50618
33148
58214
43140
57982
21828
61570
21306
67920
46116
53734
38540
46460
52792
49406
61636
53060
36064
51234
41398
61838
55104
50410
52952
47322
35654
50584
47602
48940
32550
51330
29220
35832
37044
52772
46736
53654
45122
58866
47558
45674
58766
54772
54336
35432
48290
36698
49148
52094
38422
42704
44724
50046
46576
43202
32688
31060
52170
46618
30538
43932
51364
31868
52156
33912
28694
49034
24738
47484
40772
33390
59044
47822
40084
49978
57822
19680
33592
53988
46758
50506
34158
48184
33820
48332
51704
38262
52136
31094
59334
58038
35342
54562
47416
53804
36656
51038
42508
38634
46284
44150
30252
42032
59404
44480
55660
38324
54674
35112
46466
39750
44614
44392
48446
48516
48544
50018
51006
34582
47212
52408
40838
59360
36626
48552
34268
31906
35430
37138
48284
49164
53994
36970
46602
46036
47748
53260
32032
50254
26594
47682
33968
46972
33548
62670
28248
33514
55604
42100
59344
50598
44526
44056
60210
52718
56660
31590
42088
58948
30970
36466
41318
58668
50866
56430
45518
35162
40400
52820
47698
61948
47526
46234
42120
55412
52296
52630
55590
22558
31302
49274
48852
52748
55104
56748
23822
35064
37944
25990
39572
41584
48030
35950
42504
31456
47388
45816
49688
40132
44240
39814
51140
52164
31940
44054
50618
48536
40774
53540
40896
51708
56578
47892
41878
43452
59164
36048
34648
24916
46954
49334
61040
53692
48278
39604
47250
48984
33298
35462
50336
49430
45958
41302
36858
40248
39008
40304
65034
38852
29136
43314
65772
56384
55018
51614
27632
36946
46128
51600
41532
56368
61478
33626
51712
46360
49384
34056
51346
45630
48680
33238
45900
28752
46280
27866
52550
40554
46778
41172
41870
49292
48080
37686
27526
23508
53436
45192
45338
37854
59044
39244
39314
28342
55464
41960
46986
33750
47732
31676
40078
48894
42226
32882
33482
33488
46386
45354
60624
47744
42540
48172
42120
57266
37474
37818
52764
29490
33264
47066
38478
54602
31620
37298
41234
28014
51706
33824
42044
44988
34560
53562
46424
32432
48458
65268
69398
48374
38488
54010
57230
54874
53094
44134
48728
41208
52722
44046
34604
44126
49624
56404
43406
55912
40252
62630
35740
36240
52498
45108
60590
42112
41752
58938
54028
50050
35598
49296
46730
39238
24288
43632
37032
42316
31056
30938
34360
40404
37378
45562
44372
43904
45094
41118
59906
43726
29470
38058
42198
25204
46012
50678
46506
49786
46286
37330
27492
47584
44120
52860
44672
38036
51614
46124
36160
49724
40688
37136
34752
46672
58304
53178
38390
34278
51940
34742
47566
51024
47532
44056
54052
53422
58640
47488
56616
41130
56464
41220
49958
36684
46824
44196
55684
55650
36630
48638
42596
57758
42152
55304
55508
34086
50556
57962
39196
30072
30882
44774
35852
50370
39340
27894
48106
36528
58002
51906
35522
41138
33568
47694
34078
47610
51232
53224
28872
53062
55634
42538
48524
49046
46306
53238
28508
38454
63916
38692
52226
47814
50344
42742
38740
39694
45438
40570
49592
41408
65186
34980
56448
44850
41244
42954
38952
57262
42872
61668
44880
36616
43332
67238
42950
53784
38844
36146
41210
49992
24342
43918
37242
41588
53108
51550
43758
44262
45772
49626
48274
53948
36922
38240
36030
53240
47144
54118
39258
51440
36066
66688
61772
38150
35616
46846
44778
39938
45348
45274
48192
49298
53328
51860
35106
39702
36226
49404
43664
55314
47986
40004
48442
46090
39636
33654
39146
25492
64108
65658
45102
69572
36678
59934
43970
35750
38596
48302
42310
29818
46716
38808
44136
38470
41772
41362
39192
40256
38924
38324
50042
42558
33138
47878
46330
40890
60532
41362
33190
41736
50098
29774
53958
41790
48816
45770
41064
43874
41284
54052
50968
28944
26008
49252
46776
33504
34454
48476
55924
45526
39050
51886
41772
46608
50996
46590
34144
54794
44310
35810
56272
56156
43624
40718
56928
51826
45542
36850
44788
47714
35202
44972
34662
46976
42450
52814
43184
47394
33390
72386
51758
42782
26726
41310
50388
41640
37102
30550
45678
45318
43884
60124
44238
32772
59228
49396
38982
44866
31336
42240
43026
40276
44512
54792
38820
36838
32534
45060
22086
57884
45056
37500
37534
49290
39064
44426
48962
43414
56208
37552
35264
29128
54646
50018
29546
55738
50088
49318
30214
50284
56134
36074
41268
49310
29342
37220
36308
49816
48842
49700
55626
42846
50784
55858
35110
29428
52540
46214
45760
46216
40514
45800
42684
53560
25898
21280
45372
53486
33572
36418
50262
35550
56676
32822
33588
56232
43990
49672
43762
30576
36142
57010
31002
38642
47200
51982
65474
34766
45104
38588
42300
51610
50250
46780
38940
59212
40518
30070
49794
54414
40138
33226
34126
45816
48474
48072
48204
49944
46432
41778
48122
59570
43750
47492
37044
50680
40226
29732
40140
37680
51698
40946
49268
53382
51966
48360
46828
30914
54826
46312
52226
36388
59276
44490
40570
39966
40956
30854
40678
54428
44894
29918
31364
48690
36434
47202
50038
46230
51016
45354
67932
42890
42650
53828
44798
37766
35526
54008
52346
40556
46284
54192
38906
50388
56492
34930
29894
time:0.186015
browsedSolutions:7558
