41140
53446
32596
37424
53056
39544
45748
32884
52486
43322
61202
43984
25936
47306
50374
22574
49066
47140
59300
37848
38970
65328
45492
33886
42836
31786
26710
45488
39056
30744
49852
43604
38222
49948
52824
35180
53862
24246
43888
35518
38196
34202
43644
46828
49646
34260
56326
39034
44588
49668
39620
52372
49236
53930
31352
62276
33256
44206
46790
45344
61500
41148
50336
47624
37358
49214
51374
46060
43418
36882
47980
33330
43844
41214
38134
62110
31880
43762
49946
37550
34524
57574
50568
47884
36904
37202
55374
47942
39296
31348
54504
34822
55396
31482
39672
29350
46344
30730
55648
36464
46256
44120
49454
56384
36212
52492
39140
38438
38912
59922
55278
38868
52720
55412
54842
38970
61378
61354
39304
55388
42618
47430
45780
51016
50822
46366
29770
30526
49194
40964
45792
45432
60338
21154
42018
57692
45108
45038
42876
32714
52908
55858
54242
42364
60594
40866
39474
48920
23586
38548
52626
49184
47380
39436
46714
40146
44888
41788
28818
38658
40660
52934
37344
61140
40530
41588
39300
39206
55008
38196
27376
39356
39884
33656
52272
37342
39306
40428
54090
40008
52910
31268
62328
40846
32618
57886
46672
38362
40856
38476
43022
43886
37948
59408
49382
52982
47348
55814
43948
46964
39784
39900
37846
39774
51766
41196
55468
49058
38816
55712
45960
49676
44884
46098
50364
44378
45990
41614
42968
27338
41218
37832
41304
42874
51288
33144
47022
55946
29390
30702
43802
54470
33916
46688
35478
39476
47844
51598
52136
43884
54136
35384
46954
45902
58362
49948
38036
44608
53296
55466
51134
48054
32210
59632
52162
39010
33082
49248
57450
36270
50742
41106
43382
35558
43556
52946
53396
49698
51838
49128
51150
29288
48072
45520
49402
54138
39260
58270
47478
32834
32838
40318
49436
46128
62540
28998
33270
50372
38926
33250
45966
53560
53974
40022
48292
46370
45950
44676
51500
57808
52134
44562
43188
50186
33836
49406
53704
54448
40136
45534
43648
43412
50530
58688
39564
63292
48392
37960
54578
46900
41944
39106
43610
48172
51302
47802
43774
49328
41360
39926
33930
57606
44510
35236
51624
35638
38182
40874
50312
31438
42082
54414
36238
39060
55908
40498
44132
41232
48400
37968
49066
57270
53316
44326
55562
54552
32252
43686
46690
42070
43604
38598
51262
46458
38856
29186
46572
42140
42654
37856
46410
47038
40830
36918
55720
41450
50566
52178
44996
45998
37080
40044
44918
49822
36766
35318
46624
56148
38596
49802
37688
51482
36190
41782
59648
46788
43710
51288
48914
49094
52000
51224
46478
37734
53216
29246
60782
51824
46402
62112
52962
37916
52254
41176
48354
38884
44758
44732
54256
40436
41172
29470
54730
39018
34204
52524
43296
61048
51438
46768
51162
37362
39112
37830
46570
37818
53184
44252
52064
42660
39054
50458
44742
35536
27954
59564
41366
58450
64348
52414
58104
52912
44670
41708
28996
60506
31872
56940
33962
43006
62910
57620
47066
50430
42402
45290
34338
26936
41162
42514
48058
38264
46848
56520
33568
36414
36644
47664
59450
55646
30686
41962
47336
50266
59086
39464
30034
55924
35432
58334
42582
55676
55528
48370
24406
33776
45106
37194
50012
49512
42366
56062
50016
31252
46760
30960
38988
54438
48774
51466
55476
42098
53710
42472
39912
46090
24840
41198
49510
30724
49850
43186
34966
44540
43200
53620
52082
40016
57418
48970
47794
53418
39786
41474
44608
43672
36998
54692
54278
29802
51976
48528
39134
39374
31078
39628
43100
38492
53670
52808
53618
49036
31160
56578
51920
44826
59176
53002
42564
49730
60446
37474
39984
47706
39038
30680
28270
49268
31240
45324
52200
31466
36122
50178
62202
40854
42162
57114
49314
43618
36306
41236
47482
41502
32276
54056
54264
55816
46526
38534
37930
37104
43782
47088
52958
58844
38942
30302
41594
36322
35022
50986
63688
35070
30158
33160
45166
50128
45422
48660
43088
40482
50178
36878
37210
44984
42686
47830
39724
43556
36962
58468
53798
38420
46272
33432
43348
63136
52628
49934
43026
38762
41822
50910
50724
46926
52524
38540
50126
45514
52858
39572
62284
56568
44270
55162
60168
46864
39368
54344
61330
33140
55878
47706
51252
16858
35026
41716
51012
53440
45668
58468
46256
31496
47324
41704
38804
45254
30868
52072
46136
60316
58378
41762
27626
46320
42216
49518
42756
37736
49402
31292
57484
39524
51710
52458
47380
46408
39798
45826
56024
36136
31874
51644
45410
36924
49784
30550
42354
45596
53564
56180
54616
57464
34634
27578
49126
29770
37344
39212
51856
40696
34206
31930
37704
40810
45946
54636
36762
56186
62592
41418
37070
39378
34878
52254
47718
47438
45194
46166
50210
36174
58338
47406
42306
40006
60258
47832
48638
54450
40780
36782
39506
48732
51984
49996
46580
54916
44922
50134
37154
43134
45342
55624
30890
48554
41874
50020
21838
39844
32376
46528
49794
51610
41980
42306
58972
35724
30978
40630
43070
41972
44876
48806
38418
46494
36406
46786
42494
44460
57270
37410
60498
55850
41136
41238
37176
37912
45644
39348
43408
68874
59790
58368
53390
57158
33156
40754
53604
37028
42216
63592
46676
52802
51520
31062
48956
58810
44610
46574
47816
61960
30408
45450
58608
56086
43136
44606
43340
39830
43878
33468
46638
36390
46166
57330
45666
47684
54338
26494
44546
42018
47634
40948
60712
42022
52988
41228
44398
45056
44874
47214
55344
32394
42068
42356
44296
25888
42430
45280
55786
32964
63376
54394
38162
41012
58486
32888
41588
42320
40470
49204
55792
43104
31734
39942
39904
47264
53260
61366
56922
49656
45444
39686
46366
42498
51478
46512
57958
31016
45480
44340
49764
40210
37396
50358
38474
26504
47222
42384
56610
67896
62460
31848
42406
46692
51410
53164
48222
48262
43206
40300
47108
42686
34730
48444
48226
33606
38934
53156
40232
34752
59530
52908
39328
47594
56198
53520
26870
26578
36128
35692
45926
43212
47552
48586
45676
42850
52064
44542
53230
47590
49648
41560
41136
53700
42758
31312
29428
52046
64824
53996
57990
50324
36510
25160
45294
66294
45840
48526
50544
59706
48688
43742
38618
32490
40560
53298
36978
49260
46422
59758
45984
47118
39088
41950
45940
57694
53936
45414
51310
39966
50056
46338
50450
35038
46968
30826
32522
39710
41204
57256
44920
40100
39924
60694
44866
56756
38928
39128
53258
55402
46012
42340
64740
32666
53414
38090
56528
66898
31078
62348
47266
54368
40998
40776
54416
42664
47694
30608
45990
49722
33724
48526
55588
50362
63126
31326
41696
55864
30338
45552
51596
44866
48866
45190
33528
54064
45590
39564
41636
53210
58498
43552
37088
40768
46372
36288
49512
39862
29974
42900
46688
51620
41090
59900
44476
35386
35784
41652
46010
53906
47372
43684
49752
51918
42832
32144
51296
41314
48422
46782
43108
37412
28112
39196
36124
36940
43970
38262
45746
44552
64030
44004
42666
47714
37950
36932
42922
44052
42956
54120
40104
33714
36090
45094
35416
53796
39552
40106
34586
39536
35780
27034
34236
41828
36678
59886
33922
44752
34042
36282
40646
24766
43500
57300
45432
26204
54404
45402
37468
37240
47968
47982
36428
33418
50148
54648
43936
43786
43502
40162
52758
41758
39072
33726
48108
58354
52546
40296
55664
37726
50204
37678
36898
38706
30674
51724
49020
34436
33038
52236
41688
45744
46084
39858
39514
39024
46814
55254
49076
39684
58012
50232
58336
55444
44682
40092
22410
37430
40514
45114
55128
58032
43610
46124
54546
38212
56032
47552
40668
38144
38834
52610
40612
36404
25222
44570
59362
31478
33538
29832
36410
34142
49960
47614
32444
40222
52578
38326
20744
45914
36118
39052
59832
32454
52316
36168
43838
42548
41256
51276
38520
61472
43296
45364
42364
30532
37884
37262
45850
27108
53198
24314
61232
57512
41840
55052
51834
44630
52000
34566
41478
56974
38092
48172
56904
47820
36044
38314
53760
36352
47432
53928
56812
44894
38442
43008
43808
52478
51250
44538
53252
35304
49966
46286
42082
34588
55946
47002
47078
36974
59058
23712
35182
47134
55898
49820
54268
42140
49336
38636
28384
34002
48894
38364
38922
25082
52254
53112
49354
50750
39812
49128
44612
34932
42726
56652
44440
54264
57348
49354
55840
51744
46698
44866
53178
38770
33992
46674
39664
34368
33970
35018
55356
30638
31254
46266
55920
38524
54180
33892
50600
59544
57404
53064
57176
50620
48410
34910
55798
61716
35886
34288
58566
58796
65462
59244
25206
65968
41550
37302
45374
55972
55778
43670
41420
44744
32146
67156
28850
36140
54018
52034
40862
57114
58700
45674
51252
45440
34810
46370
50754
47518
68160
38430
40674
32864
47662
48098
55254
39356
37502
40074
40590
47906
44516
56446
50360
45984
24170
44024
46482
49032
44414
37934
46750
49576
44588
40714
55936
37240
51510
35924
43424
31058
47116
39038
39476
36896
54418
29982
47400
34676
32920
30306
49672
58968
45666
54056
42708
50176
42954
51436
39892
48314
46918
34960
47804
31038
55168
49746
37588
47910
36480
50102
47976
45560
33560
56328
49032
43066
44702
49706
51002
41410
50626
53358
62372
31980
39360
37170
34898
36134
53624
51968
58904
39454
34092
36672
44454
46818
45692
43832
38854
32574
37820
33248
31700
37958
33872
41412
35716
24116
62254
48478
32374
45106
45898
49100
48574
52944
51424
40746
42168
38776
55472
37168
33264
31774
43750
46652
51114
45888
37630
37036
48712
51314
39578
49758
61196
57114
55456
32270
39666
42264
50838
34690
40218
42826
50060
46200
54642
41750
45016
57492
39738
45250
41816
31426
42078
57244
38608
64862
42596
65714
50608
42398
47548
54814
57624
54494
33664
30904
46106
51730
40004
44488
41942
38430
31576
51854
54318
49436
27622
46396
57100
43056
59476
56078
45136
42638
41226
51952
54230
52094
39820
52234
53380
52804
42152
36038
40758
43436
31046
55754
58694
32812
32450
50738
55192
55088
59378
44100
42520
40034
55602
52602
47450
41146
50020
52628
54412
49416
41046
40934
42434
45802
46512
42902
38516
44776
45792
58804
47746
42924
49156
38826
41604
47624
44886
57626
41026
46708
54588
40270
27734
35460
29674
52524
33558
60364
40432
36124
40234
54226
41368
31948
38756
35748
41688
41080
32820
49630
59928
31366
31404
52566
49018
47944
48892
43738
55044
41940
44152
33244
31380
39680
57820
50798
25932
45332
53714
39800
41342
34488
33172
53810
56542
43454
40500
41796
47770
49746
58648
43672
45802
44352
46630
47716
38950
35768
34604
62078
56120
44022
33260
57838
31226
41346
39422
44762
53736
66672
61384
46950
32680
42902
47888
34026
43044
44722
69158
59156
45112
39780
48292
46340
42540
54074
44014
65026
49968
52230
31294
36568
47150
29828
37988
40246
38636
56668
64766
34654
45558
60810
31230
44582
44316
42054
28624
41536
40826
39754
60414
28958
58790
36168
52856
37878
49150
46292
41864
70102
44204
40540
28686
55042
49072
38744
47300
37780
43580
33940
40938
53608
35726
54822
49444
56228
42978
48032
50058
40850
52026
56850
40536
43072
26250
55596
52998
35944
54860
38918
40908
48928
60404
40654
37434
46652
32978
45390
43094
46434
65656
26292
34110
41374
57940
38716
46582
51274
58356
31278
40402
36032
47358
33132
35298
45354
61374
48524
45554
43726
40398
58882
55318
49258
44618
60452
40804
39154
48218
49370
33338
53424
54554
43100
51670
38956
37720
51220
45280
47066
54006
37406
58460
67514
53934
33558
52700
32688
54500
51874
36930
36756
45806
60080
35008
34594
51384
34204
39860
48252
31034
36342
47804
55306
60272
47796
58216
23974
41318
49656
37248
33144
38774
46278
58770
66326
37670
45940
55554
70094
46506
43966
40500
45354
56428
42780
44220
32876
46860
50632
41266
54176
56814
37818
51062
45738
34554
38842
60398
52318
47528
59772
57894
54598
42130
57070
53518
54014
56180
38464
48522
30604
55548
47338
63514
53416
61020
54052
31598
64628
45042
51468
48044
48882
50102
54048
29384
47398
43378
40758
52936
34652
37220
63336
50906
53558
53740
29754
59384
55026
38978
51826
48596
54306
45072
48096
52918
42566
49484
57762
49284
49772
49724
41520
45218
52478
45714
41846
56782
40802
39326
44366
35678
40946
35006
58992
39002
48442
48210
59248
37364
51410
56418
28924
48754
44782
46384
36752
34570
48466
34408
58152
30458
55660
72290
45930
44110
52234
41328
49862
41818
37088
39690
50180
49206
42246
32390
49852
38790
48944
49850
38636
46086
39732
41538
33698
37560
35214
44074
49626
46434
56074
53832
30234
51550
43570
40370
58164
51450
57790
40678
58760
54132
41258
42704
38502
45782
38760
51916
43974
36820
48042
43754
68232
36038
50728
50802
36964
46292
34548
54732
46978
53644
37044
45814
45360
44404
37994
45266
43588
41026
33580
41468
54162
47072
58280
52378
43392
49736
60400
34582
42606
40788
54566
36110
38166
33778
44182
38364
35700
48718
53740
35036
50972
34810
60860
43102
42910
48382
45710
53278
54080
54434
49300
54792
56452
54374
62534
32512
58110
31936
46142
48588
48322
26402
46352
54092
35972
31244
51086
36008
45130
47978
59914
48714
45230
48428
36378
46506
38320
43780
49128
26172
44868
43000
49012
45630
42756
53416
55676
50938
45972
39880
47286
53114
28792
49910
43558
52938
40058
53586
58356
56554
43300
35134
30128
32080
46904
42938
46038
45394
52398
40336
50340
45098
34302
46230
42072
49652
44242
48094
50196
42826
59646
61488
31902
47918
47790
39134
48508
43748
39600
52920
48502
31428
55552
53224
52364
38572
50812
46686
48846
36448
53590
45476
49432
28464
42024
47316
42424
44614
31288
67220
48274
44930
42550
61990
29458
62868
36092
51856
51142
42900
36398
22188
43610
34518
46780
48188
41402
49162
35852
42874
41136
41150
63750
33002
42364
41838
52914
30688
57008
61720
50856
58946
40216
35970
27834
34038
32888
21630
33866
39226
34098
53486
43664
51924
53272
45170
40196
30860
34248
26924
42916
40698
47534
53372
43646
50642
50602
33220
63712
31512
41574
59008
45086
50900
39208
44696
36690
37224
32882
43500
47436
47142
33950
35450
61152
47678
44570
45976
44152
47966
42148
37786
40108
43336
42758
42240
39244
51454
56216
50242
36982
40772
39604
43132
48930
46310
60908
60910
47582
34162
50166
57834
41038
52586
41918
31778
28366
60346
30498
42156
47140
31380
63162
46176
49594
50816
37774
38032
55176
51758
40740
45186
57290
54216
34256
44838
55432
51868
43382
46600
53162
63070
31596
36590
44600
45620
27044
45784
55776
37548
38066
35316
31164
50564
58966
53452
39150
48358
36168
40552
43550
38330
42878
50626
47470
33938
50636
26046
44916
39070
54892
46366
49102
53874
45022
34834
45552
59666
39458
41942
47294
43768
42728
39358
31508
57960
47558
62110
52538
42516
48412
36100
38936
49202
58174
34804
32774
35560
35740
40780
51640
30290
38734
38880
44106
45904
51358
28638
54682
40998
40926
60186
42630
46082
45450
49840
38688
55866
44912
33536
59122
46884
57440
30648
53068
53786
45746
53850
54422
44012
35070
39380
26518
35734
48740
57410
54366
40078
37632
63282
41032
40120
40602
47016
45772
34122
60812
51686
30914
46958
34284
34836
41762
58130
53592
44108
39250
51604
40964
31408
56804
45096
34044
46198
39520
49910
33688
42184
52580
42586
27808
47900
47772
29124
39678
34876
34180
49790
31358
34358
48418
50690
57588
26570
34052
26956
45556
25098
34120
52278
40674
52650
53352
39194
50496
69408
49280
41084
48926
35694
51708
47614
40288
38910
37916
36852
41424
45294
25874
47142
52568
40602
31750
57722
64026
38944
51672
49006
39544
46070
44588
39370
46924
56488
31542
54616
47378
40632
58680
55402
58210
48184
26284
42228
63652
52288
38404
48472
28446
34736
46040
52972
49508
54380
43216
47902
35942
38340
39036
31066
48366
51922
40678
44962
35226
34246
30036
60366
52562
36732
27950
40244
40066
57128
30928
48794
33716
41180
47374
43526
32586
50440
46580
40584
36186
35436
59278
31442
45178
34048
58552
46534
42448
48254
35102
49264
35900
49724
64476
55426
46424
44850
38206
53902
44114
48100
38350
50582
34360
47562
37386
52196
42644
40832
34188
50752
51256
52480
53060
38160
52524
42238
36110
25832
42530
40720
44450
41356
56162
45848
52676
53730
35832
57280
29716
40828
46726
49606
36650
24494
47882
57026
39218
48786
37518
39616
48782
38634
37858
38280
36476
34662
50018
52628
44082
63166
44074
55140
38724
58718
60176
47120
47998
36962
32834
52118
63566
47876
54892
47826
51664
43446
41462
38976
50176
47630
37736
37680
50176
28754
45930
54490
49502
50830
59244
51072
31384
39066
53060
40418
37450
45980
43802
54702
31530
57348
50406
31992
37712
34080
36414
41646
49784
40146
63658
53214
45572
48104
41806
38432
60344
45388
51740
34810
43332
32330
48778
33132
41806
54924
69958
28696
53778
59366
50578
52066
49152
28908
47580
45766
43528
31440
55854
27172
63180
52918
47804
56250
60602
45498
39922
42152
45110
30408
43446
42654
29262
46010
31016
52050
41714
52832
38872
52678
42560
35982
38404
53916
32462
48440
42196
45694
63616
42096
42626
40100
44510
36266
37046
41880
46576
55434
43692
43202
38370
60054
49362
60842
46514
45804
51916
55190
42070
53370
56756
52418
26118
50908
47692
56580
37304
38888
30300
33410
45004
48118
60928
32082
49354
46314
56122
49754
40686
37614
40778
60732
28358
56406
43460
57488
46252
33838
39154
37338
46728
37456
53018
40712
50704
28146
44372
34194
24980
42412
53706
35476
40354
50122
48482
44692
33918
58226
54610
60426
34074
52132
30386
53014
42048
37568
39986
44692
36738
46616
37618
54442
32826
27400
57050
61034
39970
58478
48504
51328
41642
53084
54418
59756
38054
44458
32878
64728
53606
57892
58708
42174
45706
38036
38720
38462
55572
57212
54972
49250
45260
48568
49824
42710
31400
52910
28990
29348
37254
40992
44744
44602
54546
44746
64944
37746
45608
51546
53044
33910
48278
52400
32414
25568
48628
39718
34688
51028
52380
54958
38594
42306
41386
60810
40860
41840
48004
55222
53172
44280
47432
37470
44490
46138
37372
32522
42212
36236
48462
48148
36458
34862
42804
46474
50046
39888
36018
36310
57082
52096
47096
51212
61010
46610
40336
47960
33170
34370
56784
63488
38274
42930
50054
59402
35930
35938
40090
51580
47438
29034
39108
48100
35608
38214
40504
46488
47042
50082
48506
53136
47464
36256
52432
61652
21326
33136
48950
40860
36854
40660
49316
39478
44264
61078
50196
47774
30284
28162
50852
42176
30786
62192
29920
42710
41336
28424
58788
42442
35154
29022
36268
29248
39654
40896
40180
55432
35578
33886
46938
45934
50866
44012
49538
49468
57194
51278
50282
17390
37742
45862
51022
48498
39160
37240
58006
31466
45230
43404
35606
42342
39398
29138
35688
57186
46150
35390
39130
44992
41458
38852
56484
40774
54020
48166
58964
51458
37636
47756
59510
55234
45464
48768
50736
46976
20422
56922
37188
64990
46584
55906
34866
42288
42422
51626
22616
53424
38118
23868
23622
42254
40480
40652
46350
55314
45836
39500
54908
41620
44456
57338
42110
54376
44354
58356
41384
50856
52310
24178
52800
33358
61676
32236
51562
31274
47080
41206
48518
57058
37686
41360
51718
32394
50706
42466
51616
55236
33934
43428
34592
47526
54244
37998
47232
34910
63614
54346
48386
55442
46314
55832
48632
41334
47478
54836
42968
47732
41108
29298
35398
49388
37136
30756
49830
52822
50818
63188
47586
50312
44156
60102
41534
31356
59120
22540
50622
35930
49126
51732
54214
47180
35248
31834
40592
48248
43808
57572
35546
56360
34956
57876
50058
38246
50124
47794
39962
38724
42602
42782
57716
45422
42988
48202
55850
39660
44026
46874
49482
33562
31234
38676
40254
39958
40980
48244
32310
55654
48726
46052
53102
55584
53072
30044
32664
37326
52744
33022
46360
26012
36420
42488
43686
44932
47238
55070
33314
37324
37998
59758
54600
48988
24136
49498
53654
52758
54928
35732
41196
39730
36940
40762
39210
52480
38200
41760
34038
33640
62400
43084
51910
43608
48898
41066
30664
35890
40976
45782
53274
43674
44658
52522
43668
43144
37422
53634
46438
35188
44536
39246
48606
39470
43970
44774
33962
46994
48244
48588
37460
49016
58154
57334
54450
31136
68248
45754
50372
43516
59580
42840
33808
27312
57496
51060
48172
60254
42764
43316
29260
33948
21182
47228
36292
44472
27874
48198
55480
50400
34236
43130
49290
44258
57426
47152
42598
56178
43972
41166
57598
27842
48308
45882
45598
39680
43772
53796
48010
42620
55600
29394
46244
34232
56676
26826
65676
65494
42252
34884
51006
48444
39414
64470
42924
52192
51438
58120
37930
54882
48310
49740
60836
39282
38040
39364
51434
52398
37516
44210
52304
33770
49742
25408
36378
34230
43476
49106
44400
35152
35296
57586
31764
39268
38756
27830
37844
51294
56040
39234
58306
43078
58876
46018
47172
44920
44256
62626
54164
60524
40186
40496
46898
42498
42404
30926
30624
38418
38558
42712
35870
31562
51694
43384
33582
45816
37394
31346
52364
39818
48690
49722
46318
29504
46564
44078
64732
34478
57046
38148
34700
46542
34010
49460
49834
45350
36996
37658
44556
58372
32066
44110
40486
54606
36300
49010
46564
45988
26954
54352
37844
61286
54374
62222
44868
51644
36118
39600
30072
32832
45940
54142
51734
66936
46134
60512
37700
55672
55102
40046
53802
44788
53304
31970
37190
46592
47780
53524
39348
43572
60148
55760
42162
30992
39108
20414
38988
58046
42706
37922
67494
42252
36938
46356
42120
49886
30252
35270
53680
50300
44490
37658
39102
64892
42338
51926
44366
60542
32056
59046
46730
34602
39758
47608
43540
46338
39066
44776
29890
40130
49748
51050
40330
50952
42862
48522
64830
54936
52006
65392
49908
37902
43534
49016
38318
47862
42576
43526
40478
62686
50374
42200
45168
53894
54928
50452
61032
22236
41924
45408
49650
35848
40786
53830
56994
36030
46824
37920
35192
58792
57922
45792
51220
59682
62556
46434
40000
41944
48512
52358
48842
36314
49138
51772
51182
40722
56192
57530
41578
62440
51348
60670
39820
45412
55908
28160
26900
48264
43044
63298
54740
37676
46084
67582
50868
57306
33114
49094
35060
48706
53866
49060
44268
54804
61408
54622
50188
50250
40582
31834
54586
40152
51322
43544
47208
52098
54722
49910
54826
46946
54988
49242
49304
50314
37098
47110
53330
47230
28076
56324
43682
43260
34050
29040
46438
61094
53964
35876
46814
48584
52974
34236
47056
56616
47228
32162
29178
55070
40444
31796
53594
35694
40912
35334
40272
54370
49408
45528
49914
36058
28350
38214
57542
38140
49116
41980
54822
26776
41382
28308
39586
52554
34094
28396
43924
53126
44334
49126
45298
35432
54218
52046
42970
43618
34494
50544
35518
48036
46102
50138
39996
35112
54580
54554
36982
30438
50298
48060
34280
37590
56702
56760
52654
62908
51984
61898
48468
42950
38938
38760
40600
40370
44614
32398
43650
33852
40966
48874
50016
58884
33434
54736
36532
55468
51124
41836
37676
57790
40166
50616
28190
36074
38230
48096
45944
35798
46302
41320
51268
41174
37596
57766
44950
45824
49358
58694
50876
60860
43980
47734
44768
32074
50388
43992
45694
45508
44528
41880
28740
59882
53370
37722
40908
41472
54226
55124
27986
49466
39216
22564
45992
25084
60890
42276
60076
58506
30518
42224
38348
49162
63524
57400
51958
46464
47000
34762
43594
40462
42514
45274
55316
46286
56280
38644
37580
45692
33800
49320
54464
33064
30012
43926
43740
56924
52508
39722
43682
41014
56822
38694
59912
40130
42396
32102
53450
41006
54940
42890
42942
34710
43946
47688
29566
29628
35478
45572
48550
32816
46302
35256
40426
46542
46896
43324
33686
41666
59138
45576
70116
46564
36722
29860
45618
51020
47066
31812
36592
41992
55654
53506
44076
37874
63356
41626
61270
60178
52018
41952
55658
43702
51542
39050
31526
41158
42416
53616
35502
60740
39868
41718
30366
37548
34994
44618
56436
49416
37576
45782
41100
33598
41764
30890
49258
48570
43288
34378
46324
38380
46652
36886
43346
47098
45868
41462
38338
32922
46616
51884
47870
34110
51922
53826
64964
36802
43292
33576
51714
42398
30244
46400
46636
52642
41024
30272
41894
48572
37216
44314
43098
46500
63316
44808
43152
45596
44464
58498
48566
48782
25270
39620
30098
50032
48262
58042
49250
52298
58950
52512
46592
34270
24806
54066
48854
46016
51818
55016
53024
50062
56064
55622
51980
35740
39502
44324
43918
63914
37500
58766
37676
44778
64224
51474
60072
52998
59676
43132
41388
35108
49008
38610
33824
58198
41274
49346
36114
31630
57462
57100
51166
40226
47604
46196
49444
52090
58150
44166
34840
47098
54168
27902
41114
51244
40944
62988
48846
41456
56758
33578
43118
30306
53928
49478
54632
41824
53466
48712
45384
49436
43058
45344
40392
46910
64608
45168
42150
50024
23076
35952
44508
41984
29990
35942
36180
62962
47028
54584
46452
45828
39404
46186
40200
63994
41772
57488
49550
51040
46098
45758
52034
40600
48748
55942
48502
50002
52132
48108
66898
58008
45264
46182
35836
54622
54808
43552
33156
54098
61920
44830
46968
48646
45854
39300
57492
49504
47044
57354
55388
67650
35182
51788
42942
45412
38786
49356
58332
51846
34388
50084
42704
33522
42670
50210
44890
51266
54486
41682
37496
35198
48044
30884
38294
57824
34374
57778
28556
40926
36260
51608
38384
46132
55392
42870
46918
52336
48498
51598
51408
41142
37244
48716
54666
45986
43642
32222
65804
33772
53848
43184
27870
55248
54388
33238
44328
49914
35272
43772
45692
46860
44732
54326
42678
39930
30264
52734
51608
44158
51004
48494
32026
48568
58484
33318
34556
56140
52248
56766
66810
45276
50552
42602
34386
51960
52168
49510
45164
45320
42940
55426
39920
53208
65560
38434
36118
47168
34602
46246
47564
31558
27610
49818
39112
35898
61730
36164
53502
59204
48010
50176
50420
56508
46956
40148
48748
61268
69660
36620
47104
50596
46872
41766
30244
55772
52470
52876
36122
41950
39834
63746
42892
37518
63294
50686
71474
48978
39152
50364
42158
37926
66330
36978
50456
38816
55768
42884
43446
33164
40320
36146
57512
51860
32524
62820
48484
49320
40490
47058
54768
39262
31988
53896
46374
40148
34298
41772
42254
56136
40140
47286
35098
25986
48936
57418
57738
42696
37340
38868
46734
38972
48080
51700
24576
27344
32540
35078
61418
42586
48334
28390
36454
34212
35188
46144
48040
57676
44136
45600
46728
50766
39606
48638
47202
58308
56444
38976
56488
42970
48590
49880
52524
39386
31862
52356
40464
51936
37862
54994
45510
45186
50462
30930
53882
47036
38508
58668
37780
55906
53300
55154
49808
44344
49532
45960
46142
31378
55644
49380
35460
30586
49500
35624
41858
49306
41882
57292
45950
35348
54934
49126
42656
30386
51480
63024
36468
46348
52778
44352
41980
43422
52878
40694
25276
34544
58570
45656
33016
39016
55454
43152
39294
39212
42688
30530
47652
40980
43952
41866
50602
45194
50172
44942
43896
37284
32540
41776
56374
55552
42582
57626
33034
48380
40484
38222
63726
54158
40896
55652
48320
42908
38576
58840
44940
39168
41654
43670
32178
55754
44856
58708
57184
31378
39796
39546
54762
50764
41792
37504
61300
54922
42302
37412
47788
54846
44742
33414
46416
67534
50396
48106
50832
48984
44158
39498
41242
47728
44712
49444
45682
49122
48840
46202
53388
67626
57602
49360
50724
47664
53206
45618
48868
33400
33900
51454
48882
32254
24618
45980
38436
39482
46896
33442
43832
48040
42132
38234
44068
33566
58686
52654
47796
39552
34976
30670
52388
42990
43370
55628
46984
59172
59186
45758
31376
45640
53076
33592
46714
56260
64328
46618
54392
36966
35174
58752
45546
44028
61058
42514
64474
59436
53420
40916
38066
51524
34172
55510
48952
42234
59576
56594
33868
49124
56298
48942
56434
61690
34424
41214
43768
51140
39192
34302
35266
57254
34960
38230
19006
57986
38062
30826
43668
60368
55956
41282
51636
43942
59468
47620
45416
34038
39102
51674
59642
40636
50506
57020
54902
44168
39886
47364
56194
40422
59352
41570
40162
52660
27320
53694
51892
30764
45560
44262
33112
36856
42784
41098
48224
58044
32538
42714
35102
39408
40906
39664
58238
40502
46496
39954
44784
61778
63692
38138
52470
47572
31320
38676
47624
59320
32480
43800
44762
32346
50210
38634
38024
50436
59682
33512
37490
47576
63152
45930
34128
52646
46136
45392
51822
52476
40008
58730
39778
48704
38206
35392
39082
42324
44360
41962
50354
47132
54914
40242
57260
49568
56280
34832
30100
52232
58214
37524
41388
16724
54468
35426
66090
46238
57282
38040
38462
58846
28148
40848
47268
50724
46626
47824
30642
42846
44762
55938
47898
46970
48160
28494
51928
48252
42384
44992
51588
50604
49948
63728
53254
42872
53704
47688
69462
54672
31054
58588
54152
49972
47784
48222
50752
55536
63090
56636
49334
64710
37814
41372
50322
43328
46906
38126
47382
46242
36384
34820
47690
45264
34234
48120
47268
44094
56618
44168
34654
53082
43602
46062
47738
29030
38632
50252
46898
50054
30840
50852
39132
59120
37310
62850
46580
49766
51532
45632
46728
59834
43396
37354
56040
44480
37202
41824
52630
46368
44438
29502
44848
39312
43386
47574
50076
43408
42474
55234
45692
27882
42304
34642
69018
63136
50844
49604
42634
37002
46796
63134
57174
43538
52350
39314
49174
24240
60522
44828
36606
41926
32444
35504
49774
51724
37960
42604
42100
38970
29206
55654
45728
45552
37938
49062
52700
36452
48986
38558
36814
39908
46190
48344
34776
32506
41140
35288
53980
52260
45678
49958
53252
41432
38574
53160
58328
53528
50644
59274
42046
53350
48926
44470
43022
71100
52630
40298
55428
35044
46552
49850
42314
44766
50104
57602
48976
55852
55982
35992
52628
50582
43642
27092
43154
42690
36088
40764
42776
71686
51146
50306
49472
47916
29846
36686
52600
40468
47270
58358
46800
36860
40736
51030
25898
38336
36348
49582
56602
56384
35554
47884
47492
26448
25190
42582
48336
34774
58574
32970
35374
40278
45466
49892
53466
52492
62432
31106
64580
37176
38036
55146
47428
57262
24324
46678
58576
44928
56368
48100
53576
59990
48300
62940
45472
40678
56168
46842
47676
51178
39896
41396
37000
34798
47380
44790
30404
50916
43938
46676
42134
38792
44078
50264
41854
32342
49258
54732
47892
49418
49974
28816
55454
37304
59992
58126
61452
51496
34558
30012
38092
37574
41654
50814
44800
63588
33766
46672
44114
54220
56540
40568
36130
42720
50760
53416
53922
20322
53970
44420
47792
40982
54436
28988
35234
57094
48848
35654
49030
53712
52518
39326
45230
67158
47738
34460
42554
46100
60334
37426
32486
46098
38284
36122
28594
36396
45604
37566
42376
51514
65112
37644
42486
26422
45484
44202
40920
43962
55238
29240
50016
46234
51176
52382
46892
48142
47130
49686
38992
44160
43710
45426
28446
43594
49700
52356
46124
50372
62508
39220
50360
45504
37678
56304
53438
40408
43942
52062
37460
33024
49140
26716
69282
42584
46574
39964
44922
38624
43920
55182
45170
62580
55194
46544
35074
45106
42026
51226
28010
49812
47334
29856
50550
49760
42706
49824
32692
23204
53346
55768
42458
43910
43370
54634
35678
42572
38524
35682
44712
32486
43982
32312
45682
38488
41062
41404
50356
50432
48776
58284
31126
29408
55584
33768
55030
40424
62698
33302
55728
49474
56432
37364
41656
33710
54414
28928
57364
55806
33400
56468
37054
48924
44862
43292
49414
40076
53320
39090
45988
58878
47560
40670
26702
53382
49158
52416
41848
30860
29456
49030
47154
40572
49398
48724
54764
53832
36122
55154
51744
39236
53986
39682
53322
53472
31368
47652
34130
55244
35724
47980
40800
39638
42102
37034
30306
38906
40836
50990
37004
37024
33414
44718
34350
42150
35528
21548
49774
30278
45420
41614
54240
33888
41500
48400
49818
34678
38140
51596
49660
43896
39812
39992
41464
38790
34438
41024
67420
41014
46714
44772
58948
59682
47726
49732
41290
60832
57456
40858
43544
46154
54006
37214
48092
38684
41022
39622
62184
29306
39914
42686
42238
59840
39414
44918
58332
41728
56660
45256
37746
49368
53042
32756
56026
41602
41418
50246
34198
41610
43266
49860
55950
43042
40258
44414
45384
39358
65050
67732
40322
53408
19400
42388
44870
40216
41350
36708
48976
47360
50810
44290
44144
25772
44840
35610
40790
40870
55934
43222
25366
39308
46784
32844
40618
50564
42448
51664
50108
40884
36864
39614
37822
32568
55506
42242
35580
40200
44380
49856
50838
47140
67238
56882
49836
49166
41514
49788
41200
40158
36796
47644
50548
50734
37802
36520
50512
35330
55948
43952
42710
33838
30506
46014
45966
53102
53656
42718
37738
41020
31174
34008
33880
34866
36152
50984
39078
58160
44342
36752
51316
41688
40332
36776
52504
56700
52968
46106
42326
35784
47286
49424
32380
31416
47064
33008
56318
47092
49386
53282
47912
67956
38248
55612
51260
32164
29064
52958
42780
36656
37332
45818
53920
41270
41924
51872
47300
47644
57996
57472
52610
53268
48084
51812
41218
35132
48700
45574
39510
44264
37206
38172
39120
38924
44134
50024
39358
63336
51622
43086
32120
40258
37350
36852
27958
49488
33648
48164
59512
58966
45768
51796
42534
44662
42430
41314
28042
56990
43150
51022
59784
32868
64300
47488
52250
64616
49434
43532
40216
51292
35284
60700
60870
47384
49286
57670
41560
44666
51386
49398
54698
60208
40448
41734
40294
46490
42864
35542
63034
59182
52640
41996
36322
31696
44640
40986
37988
50988
43450
45940
63658
36794
41634
54952
55756
44594
53872
44536
42748
57392
56912
45730
39164
55720
47660
54184
47636
38434
50806
56086
60250
54564
48226
41542
53616
35714
50262
34416
52244
44796
52806
58514
46090
40446
42674
41908
46434
47116
48656
40954
50734
37046
52370
44462
44204
66962
44874
44282
51408
30494
56404
59062
53824
48206
39942
58224
54526
59490
55266
50070
25584
53048
36648
44028
40674
34950
47992
47036
42518
35186
33468
37408
25712
43754
36076
39106
44234
42056
59552
50062
50550
46306
43612
39902
38666
42896
42702
48014
51322
49880
48810
40564
57132
46736
61198
53002
45744
45752
46814
45236
32212
31600
44640
31172
43424
26086
37864
57642
53664
51976
56740
38220
38036
48042
43844
41232
42196
30550
60170
57686
41480
43164
43966
32908
47626
34098
46978
32796
39898
47120
39798
50006
42402
48922
48568
36222
35904
36988
43830
38094
45544
66236
52996
40920
43714
48496
46870
38778
48830
33994
42684
46282
40380
59552
52528
45566
41786
43658
57114
47144
50256
39472
46596
47974
44312
42240
42190
38756
58590
51308
39722
57486
53406
47908
46282
39956
49410
56048
34438
36112
54934
46714
53696
39528
27816
37294
46968
34944
29876
41550
39398
37302
59664
48218
42970
36796
40332
45760
45732
43578
54344
41244
37770
31534
53450
41186
38974
43908
40228
36776
59910
49708
27732
43562
32584
35128
55036
55208
33372
49126
51098
26394
49918
39754
41572
61130
52016
29596
47634
45006
46644
27764
53004
53856
42750
51260
51306
44232
41416
35986
32430
50334
53690
46386
45286
40560
37180
60184
47368
48606
46252
50484
51650
30422
51522
36458
38494
42114
40192
35004
39282
55298
48438
41140
51098
41208
26142
42594
58678
39402
58374
45494
27944
33458
52386
43284
58602
55412
61934
46892
54656
45534
32498
52114
43576
41834
63824
47874
55216
49676
54886
33824
39220
32444
28974
53662
45832
37896
49098
48374
49168
52476
44152
33532
39216
44244
32992
54074
42180
54050
44730
42794
46738
41280
47212
34466
40748
47424
58394
44406
38066
38408
33314
43802
57698
57694
61004
50086
47936
48540
22290
57076
44814
48090
41148
38410
59260
47418
38942
44910
41316
32698
45384
61782
40666
55282
41924
59110
50520
36368
41796
33098
48320
49846
49084
57244
60058
44090
37236
28050
50164
46498
30118
39560
40892
36566
49580
36158
41484
42566
62634
46796
40644
48372
44774
29522
60502
47042
41368
38694
43276
55018
52670
47474
39184
41018
39694
44596
45912
45084
45768
62280
39374
34612
45534
28032
54074
45602
32848
39902
45182
52456
63020
40232
50502
32448
63782
54164
68260
49384
49570
30714
41378
53146
35682
49088
37804
34346
44458
39128
26140
40586
35362
30454
64636
56332
50442
40010
38310
28774
45028
42930
47040
43108
45630
38260
38008
56528
52230
31704
40364
35002
45262
31038
29974
43944
46116
40504
36766
48812
46810
56418
44844
35508
40570
38288
51006
51206
41808
49954
62216
42118
32232
56646
41950
52070
51728
57810
58234
52460
47332
47736
37082
38652
58698
35332
34604
28046
38084
58662
41950
41790
31420
52534
28714
50732
50662
49016
47942
48034
48692
49624
49940
44426
44734
44472
42820
47136
42452
41718
57004
37902
51064
36720
40474
57158
51944
44956
34658
37248
37234
47044
51144
42026
43244
32604
46334
33484
41026
35582
50576
32560
61824
52272
25612
54750
32010
32120
39806
44518
35234
44486
34294
43562
41404
50182
50964
36888
43714
42970
48872
48070
50308
30346
39362
38618
37106
31372
42608
45156
61200
47220
59396
43732
58500
40618
38884
41094
42390
42680
49168
37976
50462
47608
42446
56272
39834
51006
42538
42654
42580
55448
56474
41804
40064
43318
35546
54382
40588
39000
50178
45022
43172
28974
52984
31728
49644
54920
46708
56102
38086
58018
52560
38198
48876
48436
42064
50918
44324
47482
30352
61688
33448
48178
45262
51738
43096
49586
60064
42988
55962
33428
40990
67052
54004
48658
44274
31440
48792
31748
51020
47382
38804
53062
49020
55232
46930
39732
45344
38246
36986
54152
52728
46206
42946
35222
45912
34690
52464
48506
45392
40464
64070
39466
38206
47190
38562
42454
57762
46428
55098
46854
37220
47504
37842
46026
38996
45586
48084
32764
52896
39572
49370
30458
27662
51204
33634
33450
56296
39218
40748
49650
60602
30240
52800
62922
59128
44070
47038
49246
38508
41186
45352
45590
53426
40212
61302
34902
44290
41730
44622
57962
42344
30386
33334
37796
33402
56018
34332
42616
51960
32946
31254
51418
45298
50324
55470
41574
45772
52582
49906
37026
42080
41830
55132
52518
49250
50992
40326
45884
31810
47158
45138
44422
42544
47652
51172
44220
38522
59776
34284
49540
45188
55868
51392
34580
52510
41172
43774
27690
46948
46322
55314
59252
47450
45718
44356
44086
43200
32174
57032
40636
55696
40040
67066
48872
32254
54202
35720
33210
51982
36724
35326
38486
52918
45168
23572
49810
47494
41416
57904
46188
43444
45428
58282
52874
38628
55772
30908
55586
33640
32210
48770
46948
48956
36066
49822
53018
44486
48712
56286
42628
39136
48034
34236
52112
34740
62264
62662
47998
43150
25972
46586
36860
57378
51404
53822
50382
38142
62952
53014
44172
29308
54316
53410
44176
21000
43252
44834
42852
49730
44916
30998
29610
35468
44980
46254
43620
50950
37660
50928
57894
34400
39922
37740
47606
47446
27906
46190
46962
55036
34068
47958
39896
40658
40668
24944
28980
49706
46356
41874
31386
58244
51352
44868
27118
53584
47800
40862
70978
45280
44994
51404
50248
41078
45146
37310
47070
57086
45510
43178
47134
48974
41226
38044
48168
39540
46750
35814
57482
22154
45446
41918
39800
40618
17872
40422
48024
43460
53502
37966
46014
50252
32184
39326
45938
24938
39476
61710
35798
52512
61420
56344
56820
48294
49698
33472
43000
44784
42278
31954
60726
49438
41018
43202
50626
39692
24668
30110
46452
42990
57848
27724
51808
57018
53024
50092
38958
32600
42944
57142
58118
42428
50254
33312
53908
50862
46034
45786
29794
43780
47846
46716
44030
60648
47710
44048
34304
39714
53004
60354
46664
45972
41092
36834
49382
43208
35804
48574
38558
31438
51034
31026
65918
30432
47440
41440
44926
29562
39642
44112
41250
51648
62394
43280
57444
48890
32496
56882
43218
34956
42156
49542
46754
40616
36668
28992
54532
53422
50974
53304
58650
25014
52084
63504
48204
63060
43672
70238
48834
49154
40378
50984
44194
41158
51168
62880
28134
35682
48898
48008
43358
41904
46468
25690
48262
28888
28866
40736
37004
41224
44352
55460
57128
29832
28390
56390
20440
45520
49256
32868
69304
48226
52260
57414
34128
41774
32460
53478
42992
35136
42640
49492
40352
36556
38194
44820
37226
44960
60842
61214
49016
56764
47664
32912
42286
40010
47522
47248
61834
48692
62514
29006
37158
49170
55960
41420
42268
34030
47344
45832
60026
41594
50676
34234
54660
50454
32716
50436
57298
41622
56336
46538
52874
49946
48366
51642
47988
56954
48088
61518
49622
41414
39482
43288
time:0.186006
browsedSolutions:6326
