5514
5452
5506
5444
5504
5516
5408
5350
5514
5396
5560
5488
5396
5306
5312
5406
5578
5550
5520
5480
5452
5362
5612
5388
5406
5608
5400
5540
5400
5388
5362
5542
5658
5612
5462
5606
5664
5534
5596
5516
5322
5380
5482
5554
5624
5480
5376
5252
5486
5442
5380
5396
5524
5566
5562
5466
5520
5614
5460
5466
5354
5614
5394
5568
5592
5372
5398
5476
5390
5370
5326
5470
5258
5502
5416
5636
5460
5344
5456
5374
5436
5468
5460
5418
5438
5436
5606
5480
5454
5398
5576
5400
5502
5418
5530
5558
5494
5314
5514
5380
5526
5518
5294
5458
5426
5432
5480
5406
5594
5396
5466
5404
5384
5310
5310
5578
5492
5382
5560
5592
5424
5362
5540
5726
5386
5432
5516
5536
5402
5554
5418
5480
5304
5458
5676
5526
5336
5430
5500
5500
5340
5408
5568
5482
5584
5534
5544
5402
5480
5406
5516
5426
5406
5426
5486
5442
5398
5362
5492
5450
5428
5354
5348
5352
5480
5472
5574
5398
5664
5620
5386
5566
5330
5496
5406
5538
5526
5594
5392
5398
5470
5626
5528
5362
5470
5490
5358
5400
5464
5562
5478
5554
5402
5398
5504
5466
5422
5470
5626
5430
5552
5442
5602
5456
5362
5516
5402
5466
5386
5466
5384
5440
5412
5560
5476
5372
5332
5518
5370
5382
5384
5470
5416
5332
5420
5470
5376
5558
5346
5422
5432
5416
5504
5438
5566
5470
5488
5372
5592
5544
5424
5570
5418
5490
5364
5448
5442
5584
5466
5572
5452
5328
5458
5446
5534
5624
5460
5582
5340
5346
5410
5424
5618
5458
5384
5514
5694
5492
5488
5536
5466
5366
5410
5342
5604
5422
5354
5600
5422
5664
5562
5450
5578
5448
5622
5306
5362
5502
5468
5550
5418
5504
5404
5364
5504
5558
5480
5334
5530
5356
5334
5478
5410
5414
5354
5328
5556
5452
5478
5516
5512
5474
5464
5502
5386
5392
5334
5396
5498
5390
5380
5388
5414
5362
5370
5532
5372
5598
5486
5364
5338
5502
5458
5374
5578
5484
5444
5434
5378
5414
5372
5462
5508
5436
5492
5648
5378
5460
5420
5410
5410
5348
5628
5562
5460
5338
5376
5330
5446
5478
5456
5374
5324
5582
5318
5418
5414
5366
5414
5478
5596
5622
5416
5392
5518
5396
5546
5376
5376
5432
5398
5388
5360
5412
5328
5376
5338
5618
5498
5472
5332
5424
5494
5428
5602
5356
5504
5580
5552
5602
