5.84796e+06 5.45749e+06
5.93297e+06 5.44582e+06
5.87779e+06 5.44966e+06
5.9865e+06 5.43917e+06
5.76671e+06 5.44681e+06
5.85367e+06 5.44352e+06
5.75632e+06 5.45468e+06
6.13726e+06 5.43855e+06
5.77198e+06 5.43538e+06
5.99083e+06 5.44495e+06
5.91058e+06 5.45237e+06
5.80633e+06 5.44742e+06
5.98969e+06 5.43846e+06
5.6666e+06 5.43893e+06
5.85922e+06 5.4414e+06
5.89417e+06 5.45204e+06
5.90182e+06 5.44605e+06
6.11409e+06 5.4515e+06
5.98303e+06 5.44512e+06
5.92221e+06 5.43812e+06
5.94325e+06 5.43828e+06
5.97396e+06 5.45425e+06
5.92692e+06 5.44604e+06
6.11959e+06 5.43837e+06
5.90193e+06 5.45308e+06
6.03986e+06 5.43768e+06
6.0193e+06 5.44302e+06
5.97801e+06 5.45314e+06
5.8787e+06 5.43782e+06
6.07582e+06 5.43689e+06
5.88422e+06 5.43464e+06
5.75537e+06 5.44695e+06
5.96608e+06 5.43835e+06
6.36027e+06 5.4393e+06
5.85901e+06 5.43857e+06
5.8687e+06 5.43714e+06
5.78521e+06 5.4377e+06
5.69515e+06 5.45247e+06
5.97461e+06 5.43933e+06
5.88556e+06 5.43585e+06
5.87972e+06 5.43896e+06
5.90392e+06 5.45015e+06
5.89685e+06 5.43781e+06
6.31794e+06 5.4462e+06
6.16661e+06 5.45608e+06
5.89426e+06 5.43846e+06
6.11961e+06 5.47364e+06
6.16319e+06 5.44975e+06
6.09195e+06 5.43855e+06
5.96209e+06 5.43476e+06
6.05317e+06 5.44324e+06
5.92358e+06 5.4744e+06
6.13451e+06 5.44794e+06
5.92367e+06 5.43592e+06
5.93964e+06 5.44684e+06
6.01424e+06 5.45102e+06
6.29862e+06 5.4493e+06
5.9285e+06 5.44291e+06
5.79405e+06 5.43888e+06
5.86428e+06 5.45083e+06
5.80543e+06 5.43755e+06
5.97617e+06 5.43895e+06
6.05533e+06 5.44349e+06
5.73121e+06 5.43952e+06
5.88194e+06 5.43556e+06
5.94556e+06 5.43846e+06
5.95194e+06 5.43598e+06
5.80076e+06 5.4596e+06
5.92224e+06 5.43896e+06
5.80785e+06 5.4599e+06
5.89576e+06 5.45411e+06
5.88459e+06 5.43851e+06
6.14063e+06 5.4569e+06
5.96828e+06 5.4611e+06
5.88719e+06 5.44212e+06
6.1963e+06 5.45748e+06
5.78047e+06 5.45764e+06
5.84836e+06 5.44686e+06
6.01879e+06 5.44328e+06
5.89646e+06 5.44414e+06
5.96243e+06 5.43615e+06
6.14306e+06 5.45233e+06
5.96306e+06 5.44172e+06
6.07092e+06 5.44498e+06
5.96243e+06 5.4366e+06
5.9332e+06 5.44625e+06
6.00766e+06 5.43619e+06
6.25623e+06 5.43598e+06
6.06063e+06 5.44372e+06
6.16017e+06 5.45923e+06
5.99041e+06 5.43837e+06
5.87434e+06 5.43593e+06
5.81231e+06 5.4396e+06
5.959e+06 5.44199e+06
6.11996e+06 5.44235e+06
5.86135e+06 5.46398e+06
5.87065e+06 5.45854e+06
5.95463e+06 5.45497e+06
6.00544e+06 5.45305e+06
6.15778e+06 5.44274e+06
5.77513e+06 5.45463e+06
5.96184e+06 5.43495e+06
5.83158e+06 5.4441e+06
5.85418e+06 5.44023e+06
6.04442e+06 5.44504e+06
6.05197e+06 5.44022e+06
6.14652e+06 5.44742e+06
6.00183e+06 5.43919e+06
6.02841e+06 5.44841e+06
6.11363e+06 5.46206e+06
6.02195e+06 5.44841e+06
5.96485e+06 5.43952e+06
5.87212e+06 5.45308e+06
5.76849e+06 5.45241e+06
5.79306e+06 5.44729e+06
6.03074e+06 5.45042e+06
5.88148e+06 5.43643e+06
5.80221e+06 5.44286e+06
5.85367e+06 5.45502e+06
5.97928e+06 5.44287e+06
5.87008e+06 5.43719e+06
5.86192e+06 5.43889e+06
5.87178e+06 5.44756e+06
5.85872e+06 5.43609e+06
5.89986e+06 5.44324e+06
5.84657e+06 5.44748e+06
6.02737e+06 5.43586e+06
5.84108e+06 5.45237e+06
5.91268e+06 5.45237e+06
6.16086e+06 5.44889e+06
5.84525e+06 5.43568e+06
6.05855e+06 5.45091e+06
6.00394e+06 5.44328e+06
5.87228e+06 5.45608e+06
5.92305e+06 5.4442e+06
5.95724e+06 5.43948e+06
5.78006e+06 5.43475e+06
5.85879e+06 5.4425e+06
6.01976e+06 5.45917e+06
5.76389e+06 5.452e+06
5.74382e+06 5.43618e+06
5.94073e+06 5.44235e+06
5.78221e+06 5.4442e+06
6.18513e+06 5.44492e+06
5.96162e+06 5.44492e+06
5.88897e+06 5.44837e+06
6.04688e+06 5.44352e+06
5.96869e+06 5.44235e+06
5.97235e+06 5.43444e+06
5.96676e+06 5.47021e+06
6.03653e+06 5.43909e+06
5.81398e+06 5.43549e+06
5.72626e+06 5.45675e+06
5.97295e+06 5.45677e+06
6.02496e+06 5.43571e+06
6.09757e+06 5.45762e+06
6.10648e+06 5.43809e+06
5.78822e+06 5.45072e+06
6.09399e+06 5.44199e+06
6.41516e+06 5.43977e+06
5.98735e+06 5.43855e+06
5.90976e+06 5.44457e+06
5.78552e+06 5.44777e+06
5.91212e+06 5.44906e+06
5.95652e+06 5.43812e+06
5.98817e+06 5.4505e+06
5.7019e+06 5.44231e+06
5.81266e+06 5.43849e+06
5.9679e+06 5.43619e+06
5.87435e+06 5.43814e+06
5.98029e+06 5.45057e+06
6.08068e+06 5.44332e+06
5.96034e+06 5.43828e+06
5.9461e+06 5.43475e+06
5.91522e+06 5.43895e+06
5.78519e+06 5.43564e+06
5.76522e+06 5.4459e+06
5.87022e+06 5.44332e+06
5.83303e+06 5.44994e+06
5.92015e+06 5.46355e+06
5.98712e+06 5.44717e+06
6.0322e+06 5.43475e+06
5.95987e+06 5.438e+06
6.00159e+06 5.43856e+06
5.73069e+06 5.44459e+06
5.74366e+06 5.44903e+06
5.73782e+06 5.45526e+06
5.89171e+06 5.43895e+06
5.96768e+06 5.45917e+06
5.91688e+06 5.4514e+06
6.07635e+06 5.45038e+06
6.0001e+06 5.43503e+06
6.00058e+06 5.4444e+06
5.81594e+06 5.448e+06
6.02144e+06 5.43187e+06
5.9041e+06 5.4474e+06
5.94064e+06 5.43957e+06
5.83478e+06 5.43718e+06
5.69206e+06 5.4493e+06
5.87938e+06 5.45652e+06
6.00934e+06 5.47218e+06
5.84707e+06 5.45524e+06
5.90742e+06 5.4393e+06
5.9702e+06 5.46696e+06
5.91952e+06 5.4634e+06
6.17092e+06 5.44641e+06
6.09061e+06 5.44775e+06
6.06846e+06 5.46444e+06
6.15253e+06 5.44862e+06
5.79923e+06 5.44908e+06
6.02581e+06 5.48686e+06
5.93862e+06 5.43837e+06
5.97421e+06 5.43579e+06
6.34842e+06 5.45181e+06
5.91536e+06 5.43907e+06
6.18509e+06 5.4458e+06
5.84386e+06 5.44726e+06
6.08068e+06 5.43695e+06
5.83169e+06 5.46182e+06
6.03241e+06 5.43896e+06
5.90294e+06 5.45575e+06
6.22071e+06 5.44072e+06
5.91144e+06 5.4377e+06
5.94584e+06 5.43827e+06
5.89934e+06 5.43683e+06
5.91284e+06 5.43536e+06
6.06961e+06 5.44102e+06
5.90692e+06 5.4453e+06
6.10464e+06 5.4377e+06
6.02806e+06 5.44302e+06
5.84614e+06 5.43623e+06
6.13846e+06 5.4392e+06
6.16193e+06 5.44862e+06
6.11946e+06 5.43641e+06
6.1023e+06 5.43465e+06
5.85974e+06 5.46908e+06
5.71796e+06 5.44235e+06
5.85872e+06 5.47059e+06
5.94339e+06 5.45194e+06
6.00518e+06 5.43854e+06
6.09748e+06 5.45626e+06
5.81286e+06 5.45192e+06
6.08465e+06 5.45144e+06
5.93324e+06 5.43615e+06
5.87866e+06 5.44862e+06
5.93638e+06 5.44026e+06
5.97699e+06 5.44587e+06
5.97972e+06 5.43863e+06
5.96188e+06 5.45237e+06
5.85647e+06 5.45884e+06
