5.75428e+06 5.43163e+06
5.68186e+06 5.43839e+06
5.65788e+06 5.43603e+06
5.90973e+06 5.4448e+06
5.90413e+06 5.44895e+06
6.03153e+06 5.45054e+06
5.86784e+06 5.45723e+06
5.69095e+06 5.43323e+06
6.05083e+06 5.43381e+06
5.95155e+06 5.43962e+06
5.97319e+06 5.43806e+06
5.72642e+06 5.45058e+06
5.8146e+06 5.45148e+06
6.07706e+06 5.43478e+06
5.93869e+06 5.43708e+06
5.86904e+06 5.43323e+06
6.1418e+06 5.45286e+06
5.89178e+06 5.44124e+06
5.9015e+06 5.4284e+06
5.90834e+06 5.44068e+06
5.96547e+06 5.44537e+06
5.99056e+06 5.45656e+06
6.08986e+06 5.4396e+06
5.94642e+06 5.43126e+06
5.73392e+06 5.4486e+06
5.99233e+06 5.44778e+06
5.74876e+06 5.43322e+06
5.97059e+06 5.4396e+06
5.90127e+06 5.44478e+06
5.93178e+06 5.44112e+06
5.80529e+06 5.43572e+06
5.86172e+06 5.43912e+06
5.73364e+06 5.43448e+06
5.89075e+06 5.43985e+06
5.72226e+06 5.43682e+06
5.9322e+06 5.44117e+06
5.90996e+06 5.43655e+06
5.94064e+06 5.4344e+06
6.14356e+06 5.44012e+06
5.90992e+06 5.43934e+06
5.96418e+06 5.44766e+06
5.9647e+06 5.43818e+06
5.9241e+06 5.45057e+06
5.7512e+06 5.4406e+06
5.84599e+06 5.44444e+06
5.76032e+06 5.4381e+06
5.9662e+06 5.45207e+06
5.99471e+06 5.43972e+06
5.94763e+06 5.4386e+06
5.93361e+06 5.43549e+06
5.80652e+06 5.44664e+06
5.85911e+06 5.4426e+06
5.83098e+06 5.43444e+06
5.8395e+06 5.46307e+06
5.71356e+06 5.43478e+06
5.81008e+06 5.43847e+06
5.84413e+06 5.47367e+06
6.19263e+06 5.44034e+06
5.81851e+06 5.4576e+06
5.89878e+06 5.44894e+06
5.9198e+06 5.43442e+06
5.83832e+06 5.44407e+06
5.93617e+06 5.44046e+06
6.00135e+06 5.46e+06
6.16332e+06 5.43546e+06
5.80476e+06 5.44356e+06
6.01834e+06 5.4528e+06
6.03798e+06 5.44592e+06
6.11885e+06 5.44786e+06
5.93497e+06 5.43483e+06
5.79893e+06 5.43942e+06
6.09403e+06 5.43976e+06
5.81773e+06 5.43989e+06
6.10533e+06 5.44712e+06
5.82029e+06 5.44795e+06
5.83559e+06 5.44847e+06
5.87148e+06 5.43399e+06
5.97093e+06 5.44831e+06
5.77673e+06 5.44962e+06
5.98368e+06 5.44703e+06
6.05694e+06 5.43525e+06
5.93004e+06 5.43842e+06
5.87355e+06 5.43577e+06
5.89444e+06 5.43846e+06
6.0108e+06 5.44644e+06
5.86275e+06 5.44182e+06
5.81157e+06 5.44373e+06
5.90055e+06 5.4469e+06
5.89747e+06 5.47539e+06
6.02174e+06 5.43739e+06
5.77643e+06 5.43994e+06
5.90588e+06 5.44546e+06
5.76346e+06 5.45434e+06
5.74798e+06 5.44353e+06
5.86968e+06 5.43524e+06
5.97486e+06 5.44576e+06
5.84548e+06 5.43401e+06
5.85968e+06 5.43954e+06
6.18046e+06 5.44574e+06
6.23778e+06 5.44067e+06
5.90919e+06 5.44595e+06
5.96182e+06 5.46165e+06
5.92759e+06 5.44203e+06
5.83319e+06 5.45602e+06
5.9932e+06 5.44861e+06
5.92204e+06 5.43611e+06
6.06731e+06 5.45659e+06
5.86678e+06 5.43381e+06
6.05202e+06 5.43494e+06
5.90243e+06 5.44683e+06
6.03276e+06 5.44675e+06
6.0622e+06 5.4372e+06
5.75182e+06 5.44806e+06
5.91528e+06 5.44939e+06
6.05834e+06 5.45803e+06
5.98802e+06 5.44488e+06
5.94638e+06 5.43572e+06
6.00171e+06 5.43518e+06
6.12927e+06 5.43794e+06
5.82707e+06 5.44225e+06
5.85303e+06 5.4476e+06
5.6726e+06 5.43623e+06
5.92245e+06 5.43307e+06
5.78192e+06 5.44739e+06
5.81844e+06 5.45504e+06
5.80752e+06 5.43503e+06
5.7641e+06 5.45318e+06
5.94646e+06 5.4381e+06
5.85074e+06 5.44108e+06
5.92941e+06 5.44334e+06
5.93943e+06 5.45192e+06
5.72566e+06 5.45071e+06
5.9596e+06 5.447e+06
5.8909e+06 5.45668e+06
6.13651e+06 5.43715e+06
5.89176e+06 5.45825e+06
6.0172e+06 5.4537e+06
5.96248e+06 5.43569e+06
5.97341e+06 5.43207e+06
5.89037e+06 5.43872e+06
5.80782e+06 5.45139e+06
6.07699e+06 5.43794e+06
5.80635e+06 5.4284e+06
6.11655e+06 5.44089e+06
6.14378e+06 5.4827e+06
6.10739e+06 5.43504e+06
5.99463e+06 5.43546e+06
5.82916e+06 5.43857e+06
6.08375e+06 5.45434e+06
5.71515e+06 5.44784e+06
5.92642e+06 5.43444e+06
5.98692e+06 5.44053e+06
5.9299e+06 5.43618e+06
5.9391e+06 5.44245e+06
5.9937e+06 5.43962e+06
6.08398e+06 5.4433e+06
5.98831e+06 5.43708e+06
5.75516e+06 5.43546e+06
5.82492e+06 5.44998e+06
6.07344e+06 5.43515e+06
5.88243e+06 5.43554e+06
6.02707e+06 5.44529e+06
6.00843e+06 5.43641e+06
5.80986e+06 5.44657e+06
5.99526e+06 5.43918e+06
5.81545e+06 5.46035e+06
5.93714e+06 5.44664e+06
5.97926e+06 5.46734e+06
5.79015e+06 5.4391e+06
6.11201e+06 5.44976e+06
5.86604e+06 5.4394e+06
5.94395e+06 5.44508e+06
5.82195e+06 5.43818e+06
5.88426e+06 5.4488e+06
6.2062e+06 5.43809e+06
5.94994e+06 5.43814e+06
5.78759e+06 5.44131e+06
5.85856e+06 5.45247e+06
6.0129e+06 5.44278e+06
5.9002e+06 5.4327e+06
5.72951e+06 5.44415e+06
5.94306e+06 5.43585e+06
6.07275e+06 5.43693e+06
6.03335e+06 5.43838e+06
5.78941e+06 5.45273e+06
6.09406e+06 5.44928e+06
5.83222e+06 5.43564e+06
5.8342e+06 5.43511e+06
6.12295e+06 5.43531e+06
6.03399e+06 5.46636e+06
5.74449e+06 5.43928e+06
6.3248e+06 5.43774e+06
6.07907e+06 5.43968e+06
5.73014e+06 5.43325e+06
5.67927e+06 5.43631e+06
6.25239e+06 5.43402e+06
6.00492e+06 5.44382e+06
5.97034e+06 5.4552e+06
5.93803e+06 5.43551e+06
5.70725e+06 5.44142e+06
6.00853e+06 5.42903e+06
6.00576e+06 5.44656e+06
6.01888e+06 5.43571e+06
5.8312e+06 5.44929e+06
5.95728e+06 5.43611e+06
5.96885e+06 5.45636e+06
6.03772e+06 5.43716e+06
5.86418e+06 5.45781e+06
5.80944e+06 5.45122e+06
6.02252e+06 5.43771e+06
5.71046e+06 5.44642e+06
6.06804e+06 5.44602e+06
5.86441e+06 5.43831e+06
6.01424e+06 5.44824e+06
6.0567e+06 5.44765e+06
5.82974e+06 5.44735e+06
5.79989e+06 5.44592e+06
5.88324e+06 5.42778e+06
5.72998e+06 5.45097e+06
6.08664e+06 5.4602e+06
6.0119e+06 5.46458e+06
5.91331e+06 5.43556e+06
6.0929e+06 5.46029e+06
5.89394e+06 5.43753e+06
5.89461e+06 5.43922e+06
6.0873e+06 5.4372e+06
5.83113e+06 5.44568e+06
5.94573e+06 5.43236e+06
5.79443e+06 5.4496e+06
6.10345e+06 5.4462e+06
5.79005e+06 5.44838e+06
6.05593e+06 5.4381e+06
5.99308e+06 5.44696e+06
5.74702e+06 5.44538e+06
5.99342e+06 5.44997e+06
5.95423e+06 5.43456e+06
5.70674e+06 5.45309e+06
5.91085e+06 5.43578e+06
5.82505e+06 5.45242e+06
5.86974e+06 5.45041e+06
5.74561e+06 5.43591e+06
6.04868e+06 5.45178e+06
5.79387e+06 5.44556e+06
5.99823e+06 5.44889e+06
5.91331e+06 5.45985e+06
5.94975e+06 5.45173e+06
6.02644e+06 5.43795e+06
5.96218e+06 5.44654e+06
5.86327e+06 5.45755e+06
5.88212e+06 5.43193e+06
