4615 3935
4758 3978
4764 3891
4597 3840
4834 3967
4766 3909
4678 3895
4771 4045
4976 3910
4761 3819
4792 3907
4858 3947
5162 3845
4782 3972
4797 3905
4820 3917
4745 3992
4797 4019
4810 3975
4949 3895
4645 3857
4729 3941
4860 3908
4702 3929
4923 3883
4659 4014
4857 3873
4890 3834
4947 3939
4796 3957
4724 3823
4990 3919
4913 3888
4617 3865
4603 4042
4657 3869
4602 3866
4786 3874
4882 3970
4770 3844
4659 3923
4828 3903
4616 3909
4681 3912
4887 3895
4703 3828
4793 3950
4885 3912
4732 4008
4728 3944
4989 3978
4879 3943
4936 3947
4758 3988
4801 3874
4714 3922
4850 3999
5002 3960
4898 3899
4830 3882
4850 3865
4894 3968
4799 3918
4821 3871
4766 3924
4723 3950
4916 3838
4856 3916
4832 3847
4840 3931
4940 3896
4589 3942
4767 4037
4673 3938
4951 3842
4781 3968
4795 3859
4811 3906
4871 3864
4519 3848
4873 3916
4735 3923
4791 3977
4837 3971
4695 3897
4785 3865
4888 3872
4777 3865
4705 3888
4803 3942
4942 3895
4828 3909
4741 3867
4605 3842
4789 3818
4854 3936
4828 3881
4669 4031
4804 3928
4892 3951
4663 3868
4960 3895
4917 3981
4757 3851
4785 3885
4737 3955
4950 4035
4877 3912
4655 3982
4761 3883
4699 3855
4730 3822
4633 3797
4724 3952
4877 3904
4737 3862
4746 3994
4913 3943
4870 4023
4825 3942
4844 3881
4917 3878
4842 3902
4706 3941
4855 3881
4949 3870
4707 3895
4895 3844
4769 3799
4852 3883
4825 3954
4883 3891
4846 3927
4696 3949
4769 3887
4708 4019
4814 3902
4830 3874
4780 3916
4883 3917
4880 3991
4613 3871
4709 3854
4673 3903
4781 3946
4675 3934
4983 3929
4761 3935
4689 3926
4600 3968
4826 4007
4684 3892
4840 3917
4811 3863
4788 3945
4813 3960
4786 3899
4944 3948
5113 3912
4736 3954
4807 3916
4705 4044
4866 3879
4848 3974
4814 3926
4816 3871
4762 3942
4958 3886
4981 3987
5010 3933
4424 4010
4874 3952
4680 3854
4855 3876
4700 3986
4702 3893
4714 3795
4767 3894
4741 3863
4610 3893
4888 3907
4864 3935
4672 3937
5045 3960
4745 3917
4904 3923
4805 3859
4898 3941
4759 3882
4954 3960
4612 3947
4829 3904
4869 3887
4900 3963
4780 3884
4731 3913
4791 3910
4734 3961
4701 3917
4892 3851
4588 3971
4950 3909
4868 3894
4738 3869
4806 4117
4803 3894
4781 3942
4718 3902
4727 3986
4806 3862
4557 3847
4942 3899
4782 3990
4780 3945
4705 3890
4704 3877
4813 3937
4781 3932
4841 3871
4813 3959
4796 3926
4801 3927
4754 3867
4842 3873
4682 3965
4765 3906
4749 3976
4956 3930
4547 3930
4815 3979
4870 3874
4654 3891
4610 3912
4633 3928
4738 3872
4757 3923
4925 3927
4751 3878
4789 3904
4700 3932
4874 3932
4754 3964
4794 3949
4670 3945
4763 3869
4780 3956
4851 3942
4841 4021
4954 3908
4777 3889
