4543 3849
4706 3982
4640 3921
4845 3887
4571 3873
4750 3906
4863 4085
4558 3997
4887 3867
4729 4029
4797 3957
4723 4057
4867 3962
4950 3952
4912 3954
4690 4033
4874 3932
4597 4015
4769 3959
4920 4020
4834 3986
4795 3953
4763 3979
4797 3919
4760 3947
4818 3905
4616 3874
4872 3929
4829 3936
4797 4064
4762 3985
4681 3882
4865 3931
4776 4026
4644 4005
4625 4005
4702 3920
4566 3827
4825 3908
4915 4002
4887 3928
4892 3849
5010 3934
4785 4040
4477 3967
4619 4001
4538 4009
4572 3904
4871 3877
4749 3889
4865 3928
4786 3952
4623 3931
4736 3866
4604 3977
4827 3864
4880 3885
4784 3871
4895 3865
5000 4011
4649 3904
4924 3858
4738 3936
4732 3993
4795 3960
4785 3872
4564 3968
4847 4036
4768 3918
4785 3902
4616 4042
4724 4034
4762 3910
4742 3876
4578 3984
4886 3891
4758 3950
4822 4076
4768 3985
4857 3891
4834 4019
4941 4028
4522 3890
4784 3917
4873 3923
4636 3938
4922 3966
4936 3955
4770 3911
4648 3854
4873 3888
4821 3999
4752 3906
4728 3939
4845 3933
4738 3889
4847 3906
4705 3882
4808 3864
4848 3940
4881 4039
4778 3986
4737 4056
4812 4032
4872 3936
4910 3870
4775 3991
4861 3980
4896 4019
4862 3938
4630 3927
4816 3922
4637 4039
4851 3961
4868 3909
4719 3931
4859 3841
5010 3979
4534 3914
4966 3915
4760 3969
4799 3953
4739 3894
4838 3939
5006 3980
4756 3996
4885 3904
4710 3976
4691 3992
4787 4017
4705 3933
4772 3904
4788 3977
4737 3924
4717 3969
4721 3942
4907 3907
4939 3922
5095 3918
4888 3953
4808 3935
4863 4038
4883 4014
4803 3856
4746 3990
4633 3982
4990 3963
4946 3997
4710 4023
4769 3887
4827 3996
4889 3990
4793 3900
4686 3981
4688 3935
4930 3861
4869 3973
4733 3903
4676 3890
4658 4012
4832 3923
4793 3975
4686 3925
4953 3959
4662 4065
4879 3877
4825 3873
4626 3871
4626 4036
4549 3967
4831 3917
4572 3952
4678 3906
4754 3928
4709 3874
4813 4032
4751 4073
4736 3876
4682 3851
4758 4016
4887 3946
4773 4010
4775 3853
4873 4030
4617 4082
4754 3868
4752 4012
4649 3979
4717 3967
4775 3972
4754 3976
4626 3899
4922 3921
4668 3876
4871 3936
4837 3958
4832 3914
4984 3887
4895 4008
4701 3900
4782 3839
4738 3962
4859 4011
4694 3961
4731 3988
4771 3863
4980 3919
4697 3900
4819 3957
4813 3943
4744 3970
4874 3855
4769 3940
4871 4010
4593 4002
4817 3956
4932 3834
4691 3902
4722 4054
4807 3953
4632 3964
4795 3949
4727 3902
4876 3932
4896 3916
4832 3926
4968 4021
4846 3835
4750 3908
4791 3850
4724 4002
4737 3953
4744 4008
4796 3903
4810 3929
4719 3970
4864 3966
4752 3992
4934 3903
4743 3978
4878 4042
4687 3915
4671 4026
4878 3882
4834 3964
4655 4064
4671 3963
4944 4040
4948 3983
4714 3882
