21496
18004
15960
14176
12660
11212
9874
8592
7852
6574
6102
5826
5584
5524
5474
5406
5268
5222
5164
5156
5156
12976
11768
10610
9674
8968
8382
7922
7534
7222
7090
6972
6942
6912
6888
6866
6842
6842
14130
12486
10952
10094
8382
7516
6992
6494
6068
5788
5748
5722
5710
5710
18828
16368
14064
12336
11020
9760
9186
8620
7438
7178
6834
6586
6376
6332
6016
5956
5926
5920
5920
15766
13576
11918
10992
10164
9298
8448
8042
7732
7426
7230
6964
6748
6580
6532
6500
6500
15362
13122
11600
10508
9072
8220
7656
7132
6800
6610
6550
6022
5882
5560
5360
5014
4956
4956
17534
14270
12458
10856
9648
8408
7898
7402
7106
6912
6126
5958
5868
5828
5792
5792
16230
14356
12702
11632
10712
9984
9314
8674
8116
7996
7596
7418
7320
7290
7288
7288
14770
12590
10436
8998
7898
7202
6828
6508
6320
6236
6188
6158
6154
6154
15550
13920
12494
11070
9724
8946
8552
8334
8004
7690
7192
7038
6710
6590
6480
6228
5794
5668
5522
5442
5368
5328
5328
18994
16476
14142
12732
11592
10694
9926
9190
8466
7838
7298
6904
6542
6190
6010
5854
5764
5716
5464
5224
5144
4928
4898
4898
15714
13992
12604
11320
10060
9450
9004
8650
7730
7240
7072
6882
6756
6696
6636
6594
6564
6564
17064
14038
12392
11096
10028
9288
8576
8094
7494
7154
7016
6962
6938
6508
6232
6172
6160
6150
6148
5642
5532
5508
5508
18376
14604
11812
10776
9928
9202
8488
8184
7954
7330
7128
6934
6756
6492
6352
6352
11898
10794
9860
9116
8412
7652
7052
6590
6288
6228
6200
5844
5550
5392
5290
5278
5278
15548
13344
11802
10332
9028
8050
7618
6758
6558
6382
6246
6102
5968
5904
5812
5776
5756
5756
15258
12976
10708
9436
8658
8098
7564
7120
6856
6380
6180
5880
5806
5776
5776
17318
15100
12940
11400
10288
9452
8766
8214
7744
7370
7132
6922
6712
6560
6406
6346
6316
6296
6296
12848
10486
8686
8126
7628
7182
6790
6106
5876
5666
5482
5482
17748
14682
12802
11638
10538
9090
8294
7346
6572
6336
6296
6278
6022
6022
18250
13694
12184
10776
9634
8568
8112
7668
7250
7028
6446
6236
6142
6020
5936
5926
5926
18704
14356
11758
10824
9916
9072
8490
8010
7552
7276
7212
7168
6868
6810
6740
6686
6648
6628
6608
6512
6500
6500
16026
13434
12276
11162
9868
8814
8330
7794
7326
6886
6368
6112
5688
5652
5622
5510
5500
5500
14036
12188
10766
9452
8352
7848
7440
7242
7064
6960
6826
6826
16162
13870
12186
11040
10090
9136
8310
7594
7264
7006
6934
6914
6914
15206
13424
11482
9598
9058
8526
7922
7546
7212
6930
6222
6032
5874
5502
5432
5432
13608
11508
10000
8648
7640
7300
7260
6942
6838
6832
6832
16676
14892
13276
12048
10828
9890
9182
8476
7966
7486
7144
6808
6604
6396
6084
5872
5782
5692
5664
5640
5630
5630
14766
13452
12370
10888
10082
9290
8230
7684
7268
7096
6754
6184
6016
5746
5474
5352
5268
5220
5182
5174
5174
17718
14762
12244
10550
9506
8520
7986
7578
7142
7036
6812
6660
6512
6264
5860
5800
5736
5736
18778
14654
12466
11356
10462
9628
8700
8238
7566
7354
7164
6924
6624
6492
6372
6340
6284
5748
5718
5718
16980
14846
12952
11482
10362
9282
8626
7752
7390
7064
6410
6190
6038
5596
5408
5256
5134
5102
4780
4752
4740
4740
17520
14706
13004
11306
9746
8590
8110
7746
7500
7318
7166
6714
6604
6496
6356
6116
6034
5962
5812
5782
5764
5754
5754
18288
14776
12980
11764
10056
9164
8340
7584
7076
6520
6196
5880
5620
5422
5282
5142
5112
5112
15952
14202
12610
11272
10188
9346
8522
7760
7530
7032
6918
6354
6264
6264
19042
16634
14254
12298
11278
10594
9994
9426
9068
8728
8516
8234
7608
7336
7108
6912
6804
6714
6646
6580
6568
6568
17076
14102
11612
10552
9648
8804
7774
7102
6498
6122
5870
5772
5172
5136
5136
17146
14368
12218
10316
8488
7802
7080
6486
6198
5830
5662
5484
5374
5284
5266
5246
5246
19380
16004
13616
12150
11062
10038
9086
8378
7848
7338
6880
6482
6212
6006
5826
5734
5724
5714
5714
12960
11714
10674
9694
