6602
6622
6382
6214
6056
5946
5878
5828
5772
5722
5684
5664
5642
5622
5606
5594
5586
5538
5486
5446
5420
5404
5396
5392
5392
7174
6774
6486
6214
6030
5866
5782
5718
5674
5632
5598
5562
5522
5466
5434
5402
5390
5382
5380
5368
5350
5340
5340
6562
6300
6076
5976
5928
5884
5828
5790
5756
5724
5696
5664
5644
5630
5582
5570
5566
5562
5544
5530
5502
5470
5462
5440
5424
5422
5408
5408
6804
6492
6276
6182
6100
6048
5976
5920
5812
5740
5684
5658
5630
5610
5596
5558
5548
5540
5536
5534
5534
6360
6156
5994
5864
5752
5708
5668
5640
5612
5586
5560
5544
5516
5496
5484
5476
5472
5472
6998
6618
6360
6200
6108
5984
5936
5896
5860
5804
5760
5710
5644
5592
5562
5536
5512
5502
5494
5484
5478
5472
5472
6440
6272
6160
6106
6014
5954
5916
5884
5860
5816
5792
5700
5680
5674
5672
5656
5648
5648
6686
6478
6218
6016
5880
5794
5710
5658
5598
5550
5502
5478
5454
5434
5418
5406
5382
5374
5370
5368
5368
6820
6562
6370
6242
6176
6096
6012
5904
5872
5840
5810
5794
5780
5776
5768
5736
5648
5606
5582
5550
5532
5520
5520
6532
6312
6188
6068
5960
5884
5816
5750
5694
5666
5642
5622
5598
5582
5534
5522
5514
5494
5490
5486
5486
6528
6278
6106
5968
5852
5752
5696
5654
5626
5580
5554
5528
5508
5500
5496
5492
5488
5488
6568
6314
6148
6024
5928
5834
5758
5690
5648
5608
5568
5528
5494
5478
5470
5458
5438
5434
5434
6620
6396
6286
6162
6054
5966
5910
5854
5790
5740
5700
5664
5632
5600
5588
5568
5558
5534
5528
5524
5524
6878
6566
6372
6212
6092
5990
5904
5836
5752
5696
5642
5610
5586
5566
5530
5490
5454
5402
5386
5360
5350
5340
5334
5316
5308
5306
5306
6642
6468
6210
6030
5918
5822
5750
5698
5650
5602
5562
5524
5504
5480
5466
5460
5434
5422
5422
6884
6530
6334
6146
6038
5962
5886
5816
5752
5708
5672
5638
5604
5574
5548
5524
5500
5484
5474
5466
5454
5422
5410
5404
5396
5392
5386
5382
5382
6634
6438
6242
6150
6078
5976
5886
5806
5748
5692
5658
5638
5626
5586
5574
5560
5544
5540
5530
5522
5502
5486
5484
5478
5460
5456
5456
6882
6610
6374
6202
6098
6010
5894
5814
5746
5670
5614
5586
5558
5532
5520
5516
5516
6534
6238
6114
5998
5934
5854
5790
5738
5674
5644
5620
5588
5524
5512
5486
5478
5474
5472
5472
6772
6484
6288
6048
5926
5846
5786
5734
5686
5640
5576
5548
5532
5516
5502
5490
5476
5466
5466
6568
6346
6250
6170
6090
5996
5912
5866
5830
5800
5774
5750
5730
5712
5694
5664
5652
5650
5648
5640
5636
5634
5630
5626
5600
5536
5516
5468
5450
5438
5428
5404
5398
5398
7214
6940
6712
6504
6342
6232
6124
6004
5924
5864
5796
5766
5726
5678
5646
5620
5598
5578
5556
5544
5536
5532
5528
5526
5526
7000
6734
6488
6318
6174
6050
5922
5850
5786
5756
5732
5688
5660
5640
5622
5610
5600
5592
5586
5586
6964
6692
6460
6296
6172
6056
5980
5912
5856
5792
5738
5690
5650
5622
5594
5568
5548
5530
5520
5500
5488
5480
5476
