4709
4627
4508
4414
4330
4248
4198
4158
4132
4098
4036
4007
3992
3979
3973
3969
3949
3949
4714
4598
4462
4372
4286
4208
4164
4126
4089
4075
4056
4046
4039
4026
4022
4018
3999
3978
3974
3968
3960
3960
4603
4439
4369
4287
4223
4155
4103
4048
4012
3978
3955
3945
3945
4742
4589
4453
4371
4268
4206
4144
4128
4111
4099
4069
4035
4021
4003
3993
3986
3978
3972
3967
3960
3960
4581
4467
4382
4314
4243
4181
4128
4036
4002
3976
3946
3913
3893
3883
3865
3865
4689
4562
4448
4314
4258
4216
4189
4149
4130
4109
4098
4073
4061
4037
4020
4012
3979
3979
4675
4560
4471
4411
4335
4265
4195
4140
4094
4044
4019
3995
3974
3964
3957
3951
3945
3923
3917
3915
3915
4510
4339
4270
4218
4172
4124
4084
4054
4020
3979
3951
3943
3938
3936
3929
3924
3918
3914
3909
3905
3905
4460
4318
4232
4189
4159
4131
4084
4039
4015
3993
3981
3971
3970
3955
3955
4503
4399
4312
4242
4177
4123
4093
4076
4046
4023
3995
3988
3986
3960
3958
3958
4551
4396
4303
4231
4168
4124
4076
4038
4008
3993
3985
3974
3972
3972
4728
4612
4511
4429
4362
4292
4235
4186
4151
4095
4071
4047
4035
4023
4010
3956
3928
3927
3926
3913
3913
4634
4530
4398
4337
4269
4217
4162
4129
4095
4067
4045
4021
4004
3989
3963
3956
3952
3952
4675
4517
4402
4332
4269
4232
4208
4182
4151
4136
4122
4108
4084
4064
4026
3996
3983
3969
3953
3944
3924
3919
3905
3901
3899
3893
3891
3891
4628
4498
4405
4324
4269
4210
4170
4152
4130
4087
4067
4054
4032
4028
4028
4612
4479
4378
4306
4228
4181
4141
4103
4070
4040
4006
3984
3966
3954
3948
3930
3929
3928
3926
3922
3918
3906
3902
3900
3885
3885
4799
4614
4481
4381
4311
4253
4186
4148
4100
4058
4025
3997
3975
3945
3918
3907
3899
3896
3894
3886
3877
3875
3869
3867
3867
4520
4386
4298
4234
4205
4180
4139
4100
4076
4056
4050
4042
4020
3967
3957
3951
3951
4579
4467
4360
4297
4233
4183
4144
4102
4065
4027
3987
3970
3951
3941
3932
3932
4706
4580
4487
4387
4317
4275
4245
4220
4194
4164
4139
4125
4095
4065
4042
4026
4011
4002
3996
3986
3967
3962
3962
4592
4477
4390
4327
4260
4221
4177
4126
4088
4061
4009
3987
3974
3971
3967
3967
4668
4546
4416
4325
4267
4196
4134
4077
4035
3995
3978
3967
3930
3920
3918
3918
4595
4470
4380
4309
4247
4196
4131
4068
4024
3990
3962
3944
3938
3930
3921
3914
3908
3907
3907
4463
4353
4285
4231
4181
4131
4085
4049
4012
3991
3975
3965
3957
3957
4554
4454
4385
4317
4255
4207
4171
4143
4110
4092
4071
4055
4042
4032
4020
4016
3992
3976
3955
3950
3936
3932
3919
3916
3912
3911
3910
3908
3908
4613
4506
4416
4354
4295
4221
4164
4120
4102
4076
4068
4065
4065
4446
4330
4246
4193
4152
4116
4079
4030
4010
3992
3964
3946
3928
3914
3903
3898
3885
3875
3875
4771
4637
4518
4431
4363
4309
4249
4211
4183
4155
4124
4102
4083
4069
4031
4016
4000
3992
3985
3970
3965
3962
3962
4432
4346
4274
4209
4163
4128
4110
4078
4059
4042
4022
4012
4006
4005
3995
3995
4571
4461
4399
4343
4284
4218
4180
4147
4139
4111
4095
4069
4037
4029
4011
4008
4006
3994
3977
3967
3966
3960
3960
4625
4443
4340
4270
4170
4122
4071
4039
4006
3964
3948
3927
3907
3895
3884
3869
3869
4675
4523
4376
4272
4184
4137
4085
4039
4009
3983
3967
3953
3932
3913
3898
3885
3879
3879
4708
4534
4438
4352
4257
4193
4145
4103
4069
4037
4011
3988
3970
3957
3954
3949
3930
3926
3926
4513
4434
4341
4269
4226
4165
4122
4098
4091
4085
4071
4039
4027
4027
4600
4493
4397
4293
4241
4194
4148
4120
4102
4084
4073
4063
4051
4045
4032
4021
4013
4005
3998
3990
3988
3988
4530
4423
4327
4259
4191
4131
4059
4009
3990
3965
3954
3950
3950
