20498 6180
22682 8150
21352 7298
16876 6162
18102 7308
19866 5942
19620 6410
18232 6832
21984 6028
16714 5336
20196 6252
20684 6106
18880 5650
19846 5586
15548 5862
18932 4866
20802 6206
17902 6436
19364 6178
23812 6438
17626 5882
17488 6110
19142 5650
19984 6252
17870 5406
18178 6200
18498 6618
20708 6596
20000 5720
21120 7454
17966 5904
17230 5042
21362 5696
19550 5076
20492 5560
18420 7772
18984 5960
15544 7238
16720 6350
18912 6272
18802 6378
21792 5666
19386 5644
18976 6120
19128 5424
20442 6222
23270 7156
17748 6462
21290 6212
18522 5572
21302 6250
14948 5872
22984 6704
17398 6022
20268 6208
17172 6550
18930 5842
18306 6084
18466 6260
19770 5188
27252 6380
19294 5102
20980 5580
22022 6792
22832 5930
20416 6756
20314 5342
20378 6228
22750 4654
18708 6374
23856 6424
22502 6384
20554 6304
16562 5556
14870 5848
20806 6780
17420 6452
20320 6342
22148 5802
16740 5164
24596 6394
18536 5144
23232 5136
17084 5928
24118 5956
19350 6236
18446 5916
19732 4886
18058 6466
23858 6818
19508 6346
22758 5932
16040 5502
16880 5500
18280 5948
19458 6090
24892 7720
16476 6126
23032 7402
22444 5112
19930 5592
19872 5396
21566 6450
18872 5670
20252 5458
19800 5588
17040 6174
21654 7168
20482 5308
18864 5824
25650 5486
20478 5940
20720 4574
17894 5242
15936 6946
18526 5726
18296 5726
19944 6214
19950 6386
20274 6300
18792 5872
21988 5810
20298 5310
18468 6694
21394 5438
21002 5094
20038 6978
20522 5950
21114 6024
24502 6100
17466 6668
19514 6124
18192 4684
20518 6608
16274 5944
18208 6332
21600 6360
20988 6714
18974 6172
16918 6606
16444 7144
21048 6100
23120 6148
24026 4910
19382 4928
25100 5596
24138 6656
14356 6490
21906 5830
24058 5456
16720 6190
18518 6852
19886 6016
20436 5586
21416 5686
19196 6478
17016 5716
19632 5660
17070 6142
20328 5686
19358 5212
19520 5820
15546 5544
16880 4868
17308 7070
15322 5500
20808 6632
18756 5020
19868 6252
20262 6962
22132 6056
22146 6214
23294 6768
20398 6080
18072 6280
20526 6318
16428 5168
17432 4968
20774 6158
16712 6148
21806 5276
22008 7302
20266 6218
18952 5238
19358 5706
22730 5276
20022 6704
21322 5054
22868 7062
18086 6222
22722 5778
19028 7518
17144 6216
22222 6122
16784 5348
26082 5712
19232 6304
17238 6294
21170 6342
17104 4438
14742 6722
16750 6782
17546 5890
18178 6594
15558 6234
23408 6864
19978 5702
18624 7452
17852 7346
15662 5570
17982 6812
19162 5728
20538 5174
24126 5838
17742 5190
20056 5678
19542 5180
18530 5550
20142 5018
19104 5830
20496 5790
16606 5920
18842 6408
23438 5798
21862 6296
22814 6076
20050 6484
20922 6318
19884 6964
19772 6406
19934 5994
16716 6372
22116 5686
15156 5412
18196 5602
24548 5940
19876 6338
25250 6688
23224 6036
17886 5972
21334 7120
20702 6028
19774 5930
16874 6586
21952 6802
18290 6964
16352 5798
17434 5174
19022 5804
21288 5368
