13684 4856
18728 6070
18180 5902
26508 5978
20462 6178
18442 6922
16152 5950
17882 5166
24372 7792
22638 7320
22216 6134
20334 7056
19672 5720
20264 6230
18554 6454
17420 7390
20412 6170
20976 6466
19086 6820
18222 5940
18832 5556
18092 5702
20862 6030
18208 7778
19442 5920
20464 6614
19018 6194
19984 5720
23118 5926
23522 6730
22774 6726
17964 5608
21292 5614
22412 6716
24890 5840
19126 6518
19102 5816
16348 6456
23932 6256
27888 5510
19568 6454
18142 5446
19266 6072
23770 6600
22250 5974
19536 5684
17724 5342
17054 6470
24334 6362
22538 5104
18612 6264
20310 5906
20554 6344
24198 5262
18220 6258
22192 5586
22208 5528
20152 5086
19128 6066
28230 6554
17376 6156
17668 7356
19142 5488
19892 5464
16284 6342
20118 6182
22250 6738
16490 6560
20950 4530
22422 6410
14846 6558
13862 4548
15000 6276
15450 5482
16148 7394
22438 5968
17882 6440
24906 5768
19748 6308
18228 6756
24206 5454
18010 5208
16058 5920
20374 6956
21508 5728
18560 5156
15828 6568
15050 6114
23540 6014
20480 5532
24140 6904
18570 5758
19180 5708
18332 5910
20374 5884
20624 6406
22760 5664
19520 6082
23116 4822
21818 6062
16184 5886
20454 6736
18580 5170
22456 5656
18612 6420
18050 5128
21042 5364
21150 5802
19058 7056
24068 5822
19418 6322
21518 5898
20310 6152
19564 5960
21864 5410
22490 6714
20336 5720
20808 4754
24622 6108
20924 6586
21932 5486
18478 4846
17384 5370
18132 6844
27558 5588
22964 6108
21914 6196
19808 5602
19906 5794
18558 6236
17208 5902
20456 7212
20138 6926
22172 5946
19658 5554
18736 5878
17174 6974
20626 6114
21844 6180
16930 4878
20794 5662
15774 7040
16774 6790
18364 5762
15822 6226
19776 8446
18722 6406
18762 6496
19988 6288
19768 6214
18622 6708
20248 6460
20000 6646
19456 6252
16280 7374
23804 5164
16788 5446
20336 7022
18378 5346
15694 6704
16918 6652
22640 5062
21644 6266
27096 6402
22824 7128
19728 5970
19264 6522
21192 5530
15920 6526
20468 6494
16324 4896
20962 5994
17598 6930
17436 5946
20360 6116
23484 5786
21372 4638
21424 6606
18150 4936
16932 7538
18088 4950
19206 5502
26872 5662
20196 5574
21506 6170
18330 6254
19226 5458
16292 4858
16018 6340
20772 6080
19806 5706
19144 5760
21976 5470
19986 5220
15540 4960
17044 6214
21582 5466
20232 5386
16692 5576
24670 4942
27362 5876
26218 6342
17762 5494
17428 6458
20640 5930
17414 6246
28564 6084
20770 5954
17442 5904
17386 5970
13812 6148
25758 5468
18144 6354
19072 6928
18318 6506
21506 5816
19168 4994
25672 6800
25282 7008
18206 6094
20310 5650
19378 5672
19944 6866
14996 6076
19480 5680
17580 5378
20700 5744
16990 5904
18576 5722
19986 4964
17274 7146
18290 6240
17936 5776
23032 6370
22004 5578
21476 6268
19872 6024
22910 5056
19600 6712
21708 5938
19972 6576
18674 5910
21868 6108
20920 5352
20402 6026
19296 6472
17168 7032
17906 6356
20306 5936
19280 5552
