0.0286588 0.111111
0.048911 0
0.0447077 0.037037
0.0661062 0.037037
0.0351548 0.0740741
0.0286588 0.037037
0.0473825 0
0.0657241 0
0.0305694 0.0740741
0.0672526 0
0.05235 0
0.0573175 0.037037
0.0813909 0.037037
0.0550248 0.0740741
0.0256018 0
0.0443256 0.037037
0.0427971 0
0.0309515 0.037037
0.0546427 0
0.0045854 0.0740741
0.0401223 0.037037
0.0370653 0
0.0317157 0.0740741
0.0576997 0.037037
0.039358 0.037037
0.0271303 0.0740741
0.0435613 0.037037
0.0580818 0.0740741
0.0305694 0.0740741
0.016431 0.037037
0.0332442 0
0.0703095 0
0.0664883 0
0.078334 0
0.0267482 0.037037
0.058846 0
0.0370653 0
0.0309515 0.037037
0.0313336 0.0740741
0.0332442 0.037037
0.0382117 0
0.0477646 0.037037
0.0416507 0.111111
0.0175774 0.0740741
0.0236912 0.037037
0.0324799 0
0.0615208 0.037037
0.0271303 0
0.0366832 0
0.0317157 0.037037
0.0546427 0.037037
0.0699274 0
0.0225449 0.037037
0.094765 0.037037
0.0485288 0
0.0550248 0
0.0355369 0.148148
0.0221628 0.037037
0.0408865 0
0.0527321 0
0.0198701 0.037037
0.0256018 0
0.0317157 0
0.0462361 0.111111
0.0794803 0.111111
0.0603745 0
0.0378296 0.037037
0.0340084 0
0.068781 0.037037
0.029423 0.111111
0.0420329 0.037037
0.0512037 0
0.0412686 0
0.0534964 0
0.0317157 0.037037
0.078334 0
0.0313336 0.0740741
0.0420329 0.0740741
0.0324799 0.0740741
0.0496752 0.037037
0.045854 0.037037
0.045854 0
0.0450898 0
0.0240734 0
0.00917081 0.0740741
0.0343905 0.0740741
0.0408865 0.037037
0.0473825 0.0740741
0.0317157 0.0740741
0.0603745 0.037037
0.0443256 0.0740741
0.0500573 0
0.0691632 0
0.0622851 0
0.0305694 0.037037
0.0366832 0.0740741
0.0408865 0.037037
0.0110814 0.0740741
0.00726022 0.037037
0.0492931 0.037037
