0.0699274 0
0.0301872 0.0740741
0.0347726 0
0.0382117 0
0.0580818 0.0740741
0.0382117 0
0.0397402 0.037037
0.0439434 0
0.0332442 0.037037
0.05235 0.037037
0.05235 0.037037
0.0626672 0
0.058846 0.037037
0.0764234 0
0.0236912 0.111111
0.0217807 0
0.0466183 0
0.042415 0
0.0584639 0.0740741
0.0427971 0.037037
0.0622851 0
0.0580818 0.037037
0.0401223 0.111111
0.0768055 0.0740741
0.0217807 0.037037
0.0385938 0.111111
0.0565533 0.037037
0.0363011 0
0.045854 0.037037
0.0416507 0.111111
0.0557891 0
0.0794803 0
0.00993504 0.037037
0.0534964 0.037037
0.0236912 0.0740741
0.0435613 0.111111
0.0351548 0.037037
0.0324799 0.111111
0.0741307 0.111111
0.019488 0
0.0343905 0
0.0405044 0.037037
0.0221628 0
0.0366832 0.037037
0.0619029 0.111111
0.0500573 0
0.0420329 0
0.0447077 0.148148
0.0324799 0.0740741
0.0351548 0.037037
0.0569354 0
0.0366832 0.0740741
0.0298051 0.037037
0.0496752 0
0.0240734 0
0.0481467 0.0740741
0.0492931 0.037037
0.0236912 0.0740741
0.0320978 0
0.0485288 0
0.0534964 0.111111
0.0565533 0.037037
0.0531143 0
0.0420329 0.037037
0.025984 0
0.0626672 0.037037
0.0252197 0.0740741
0.0557891 0
0.0355369 0
0.0332442 0.0740741
0.0213985 0.0740741
0.0546427 0.111111
0.0867405 0.0740741
0.0477646 0
0.0271303 0
0.0622851 0.0740741
0.0531143 0
0.0657241 0.0740741
0.0420329 0.037037
0.0531143 0.037037
0.0615208 0
0.0347726 0.037037
0.039358 0.0740741
0.0477646 0.037037
0.0836836 0.111111
0.0408865 0.037037
0.0619029 0.148148
0.0305694 0
0.0202522 0.037037
0.0160489 0
0.0233091 0
0.0538785 0.0740741
0.0401223 0.037037
0.0485288 0.037037
0.0775697 0
0.055407 0
0.0256018 0
0.0332442 0.037037
0.0275124 0
0.0282767 0.037037
