0.602213 0.04
0.616965 0.04
0.761855 0.04
0.56059 0.12
0.624868 0.04
0.394626 0.04
0.43941 0.04
0.675975 0.04
0.648577 0
0.496839 0.04
0.569547 0.12
0.830348 0.08
0.539515 0.04
0.404636 0.04
0.68177 0.04
0.47313 0
0.858272 0.08
0.376185 0.04
0.498946 0
0.702318 0.04
0.695469 0.08
0.610116 0.04
0.963646 0.04
0.459958 0.08
0.420443 0
0.674921 0
0.639094 0
0.368809 0
0.779241 0.04
0.431507 0.04
0.917808 0.04
0.59431 0.04
0.507903 0.12
0.403056 0
0.370917 0.04
0.575869 0.04
0.498946 0.04
0.69705 0
0.346681 0.08
0.37882 0
0.579031 0
0.421496 0
0.627503 0.08
0.606428 0
0.701791 0.04
0.446786 0.04
0.400421 0.04
0.35353 0.04
0.555321 0
0.75079 0.04
0.414647 0
0.830348 0
0.351423 0
0.201791 0.08
0.56059 0
0.53372 0.12
0.667018 0
0.276607 0
0.683351 0.04
0.513699 0.04
0.746048 0.04
0.493678 0.04
0.44784 0
0.465753 0.08
0.782929 0
0.791359 0.04
0.795047 0.08
0.299789 0.08
0.543203 0.04
0.790832 0.04
0.615385 0.04
0.506849 0.04
0.296101 0
0.381454 0
0.749737 0.04
0.685458 0
0.537408 0
0.494204 0.04
0.643309 0.04
0.778714 0.12
0.547945 0
0.640148 0.08
0.380927 0.04
0.637513 0
0.575342 0.04
0.49157 0.04
0.532666 0
0.340885 0.04
0.573235 0.04
0.601686 0.12
0.51844 0.12
0.699684 0.08
0.435722 0.08
0.679663 0.04
0.567439 0
0.558483 0.08
0.738672 0
0.547418 0.04
0.788198 0.04
0.475237 0
