0.577977 0
0.587987 0
0.466807 0
0.484194 0
0.655427 0.12
0.877766 0.08
0.193361 0
0.455216 0
0.515806 0
0.560063 0.08
0.593783 0
0.689146 0.08
0.555321 0
0.582719 0
0.582719 0
0.573762 0
0.712856 0.04
0.536881 0.2
0.19705 0.04
0.355638 0.04
0.563751 0
0.484721 0
0.67176 0.08
0.485774 0.04
0.634352 0.08
0.658061 0.04
0.822445 0
0.521075 0
0.786091 0.04
0.371444 0.04
0.533193 0.04
0.451001 0.04
1.06164 0.04
0.543203 0
0.635933 0
0.503688 0
0.953635 0.04
0.469442 0.08
0.703372 0.04
0.496312 0.04
0.921496 0
0.554268 0
0.459958 0.04
0.606955 0
0.478925 0.04
0.708641 0.04
0.557956 0
0.786617 0
0.579031 0.12
0.687039 0
0.431507 0
0.334036 0
0.420443 0.08
0.56059 0.04
0.652792 0.12
0.56059 0
0.496839 0
0.616965 0.08
0.425711 0
0.451001 0.08
0.634879 0
0.719705 0.04
0.363541 0.08
0.54373 0
0.651739 0
0.530558 0.08
0.624341 0.04
0.461012 0
0.531085 0.04
0.711802 0.04
0.63804 0
0.487882 0
0.657534 0
0.385669 0.04
0.737092 0.04
0.453109 0
0.550053 0.04
0.458377 0.08
0.623815 0.08
0.40411 0.04
0.524236 0
0.541623 0
0.591149 0
0.596417 0
0.536354 0
0.531085 0.12
0.654373 0.04
0.608008 0
0.472076 0.08
0.537408 0.04
0.685458 0.04
0.523709 0.04
0.880927 0.04
0.609062 0.04
0.714436 0.04
0.375659 0.12
0.562171 0
0.832982 0.2
0.460485 0.04
0.552687 0.04
