5.4514e+06
5.46681e+06
5.45453e+06
5.45278e+06
5.4476e+06
5.45072e+06
5.43879e+06
5.44939e+06
5.45474e+06
5.43855e+06
5.45792e+06
5.42711e+06
5.4527e+06
5.43852e+06
5.43839e+06
5.43916e+06
5.45742e+06
5.44228e+06
5.43465e+06
5.43884e+06
5.43489e+06
5.45622e+06
5.45172e+06
5.44628e+06
5.46024e+06
5.45761e+06
5.43855e+06
5.44901e+06
5.43896e+06
5.4512e+06
5.44429e+06
5.44401e+06
5.43859e+06
5.45018e+06
5.43878e+06
5.45241e+06
5.43981e+06
5.43586e+06
5.4456e+06
5.44687e+06
5.43743e+06
5.44428e+06
5.43549e+06
5.44332e+06
5.43999e+06
5.43998e+06
5.45491e+06
5.43923e+06
5.43812e+06
5.44178e+06
5.46394e+06
5.44975e+06
5.46916e+06
5.45441e+06
5.46202e+06
5.43578e+06
5.43952e+06
5.43936e+06
5.45575e+06
5.43925e+06
5.45151e+06
5.43845e+06
5.44546e+06
5.46394e+06
5.4377e+06
5.43465e+06
5.43831e+06
5.45237e+06
5.44001e+06
5.44931e+06
5.44664e+06
5.46426e+06
5.45817e+06
5.4366e+06
5.44498e+06
5.45962e+06
5.43831e+06
5.45785e+06
5.43565e+06
5.43802e+06
5.45204e+06
5.44396e+06
5.43809e+06
5.43997e+06
5.43695e+06
5.45283e+06
5.44928e+06
5.44306e+06
5.45017e+06
5.45268e+06
5.47074e+06
5.43579e+06
5.43751e+06
5.44975e+06
5.4392e+06
5.43576e+06
5.44488e+06
5.43763e+06
5.4453e+06
5.47002e+06
5.44848e+06
5.4544e+06
5.44901e+06
5.43867e+06
5.43475e+06
5.44102e+06
5.44294e+06
5.474e+06
5.44498e+06
5.4606e+06
5.45526e+06
5.44808e+06
5.44193e+06
5.4485e+06
5.44436e+06
5.44811e+06
5.44863e+06
5.46992e+06
5.43778e+06
5.43409e+06
5.44332e+06
5.46205e+06
5.45213e+06
5.4403e+06
5.45165e+06
5.44843e+06
5.44101e+06
5.44467e+06
5.45098e+06
5.44488e+06
5.44263e+06
5.43895e+06
5.45912e+06
5.43815e+06
5.44488e+06
5.44265e+06
5.44546e+06
5.4423e+06
5.4389e+06
5.44416e+06
5.44088e+06
5.43207e+06
5.44694e+06
5.45774e+06
5.45299e+06
5.4344e+06
5.44935e+06
5.44454e+06
5.45549e+06
5.44505e+06
5.43865e+06
5.44302e+06
5.44541e+06
5.43619e+06
5.43672e+06
5.43952e+06
5.43503e+06
5.46337e+06
5.45693e+06
5.44478e+06
5.44702e+06
5.43487e+06
5.43814e+06
5.43903e+06
5.43725e+06
5.43946e+06
5.4381e+06
5.44463e+06
5.45088e+06
5.43952e+06
5.44881e+06
5.45447e+06
5.42903e+06
5.46051e+06
5.45102e+06
5.43814e+06
5.45479e+06
5.43857e+06
5.45216e+06
5.44721e+06
5.4663e+06
5.4377e+06
5.44503e+06
5.44016e+06
5.46214e+06
5.44391e+06
5.43531e+06
5.43521e+06
5.43552e+06
5.45877e+06
5.44458e+06
5.44139e+06
5.43939e+06
5.43618e+06
5.43621e+06
5.4537e+06
5.44785e+06
5.44593e+06
5.43878e+06
5.43846e+06
5.43475e+06
5.452e+06
5.43543e+06
5.43782e+06
5.45415e+06
5.44902e+06
5.45498e+06
5.44622e+06
5.44129e+06
5.43465e+06
5.4392e+06
5.43503e+06
5.44332e+06
5.43928e+06
5.44115e+06
5.44864e+06
5.44444e+06
5.43923e+06
5.44862e+06
5.43898e+06
5.45112e+06
5.44452e+06
5.43643e+06
5.43949e+06
5.43892e+06
5.45723e+06
5.45072e+06
5.43737e+06
5.4454e+06
5.45114e+06
5.45549e+06
5.44042e+06
5.45002e+06
5.43814e+06
5.43735e+06
5.44451e+06
5.44037e+06
5.43814e+06
5.45251e+06
5.44008e+06
5.45237e+06
5.46482e+06
5.46328e+06
5.43615e+06
5.44631e+06
5.438e+06
5.44893e+06
5.44786e+06
5.43768e+06
5.43901e+06
5.44569e+06
5.43998e+06
5.44063e+06
5.45742e+06
5.44139e+06
5.43918e+06
5.44389e+06
5.43723e+06
5.44128e+06
5.44153e+06
5.43753e+06
5.4495e+06
5.455e+06
5.4309e+06
5.43927e+06
5.4344e+06
5.43948e+06
5.44382e+06
5.43812e+06
5.44368e+06
5.43827e+06
5.43919e+06
5.44583e+06
5.44781e+06
5.43878e+06
5.44001e+06
5.44115e+06
5.43846e+06
5.44425e+06
5.47018e+06
5.43753e+06
5.43859e+06
5.43797e+06
5.43666e+06
5.45807e+06
5.45204e+06
5.43559e+06
5.45067e+06
5.43959e+06
5.44023e+06
5.44546e+06
5.4355e+06
5.4569e+06
5.45482e+06
5.44893e+06
5.43809e+06
5.46587e+06
5.45217e+06
5.4403e+06
5.44563e+06
5.45077e+06
5.43846e+06
5.43599e+06
5.4366e+06
5.4457e+06
5.45151e+06
5.44492e+06
5.43643e+06
5.43891e+06
5.44534e+06
5.44841e+06
5.4377e+06
5.43881e+06
5.43581e+06
5.45057e+06
5.43884e+06
5.45102e+06
5.43465e+06
5.44383e+06
5.45243e+06
5.45094e+06
5.45799e+06
5.44514e+06
5.43549e+06
5.44754e+06
5.43952e+06
5.44323e+06
5.45162e+06
5.45204e+06
5.45535e+06
5.44681e+06
5.43788e+06
5.43825e+06
5.43813e+06
5.46312e+06
5.43684e+06
5.44332e+06
5.45677e+06
5.43565e+06
5.44779e+06
5.43861e+06
5.46301e+06
5.4377e+06
5.47367e+06
5.4376e+06
5.45547e+06
5.45296e+06
5.43475e+06
5.44828e+06
5.43814e+06
5.43587e+06
5.44413e+06
5.45968e+06
5.43846e+06
5.45761e+06
5.4533e+06
5.45541e+06
5.44332e+06
5.43725e+06
5.43997e+06
5.44414e+06
5.44492e+06
5.44727e+06
5.4366e+06
5.43514e+06
5.43846e+06
5.46691e+06
5.4284e+06
5.43944e+06
5.43961e+06
5.4394e+06
5.45054e+06
5.4441e+06
5.45783e+06
5.43986e+06
5.44597e+06
5.42667e+06
5.43523e+06
5.45248e+06
5.46698e+06
5.45183e+06
5.44726e+06
5.44328e+06
5.43846e+06
5.43809e+06
5.43852e+06
5.45345e+06
5.44456e+06
5.44607e+06
5.4566e+06
5.4388e+06
5.45237e+06
5.48184e+06
5.43883e+06
5.43837e+06
5.43952e+06
5.43895e+06
5.43857e+06
5.46518e+06
5.43524e+06
