5.4678e+06
5.4396e+06
5.44475e+06
5.44202e+06
5.43839e+06
5.44856e+06
5.44786e+06
5.45278e+06
5.43744e+06
5.4369e+06
5.44716e+06
5.44025e+06
5.44285e+06
5.44395e+06
5.43803e+06
5.44007e+06
5.43546e+06
5.45364e+06
5.43942e+06
5.4356e+06
5.46627e+06
5.45743e+06
5.43589e+06
5.43973e+06
5.44762e+06
5.45824e+06
5.43974e+06
5.43578e+06
5.44247e+06
5.4457e+06
5.43914e+06
5.45398e+06
5.45471e+06
5.47126e+06
5.45092e+06
5.45089e+06
5.43893e+06
5.4487e+06
5.4391e+06
5.45022e+06
5.43965e+06
5.44206e+06
5.45953e+06
5.44487e+06
5.43485e+06
5.43676e+06
5.43238e+06
5.44454e+06
5.44788e+06
5.44789e+06
5.44968e+06
5.43683e+06
5.43726e+06
5.44135e+06
5.44709e+06
5.4315e+06
5.44055e+06
5.45108e+06
5.45135e+06
5.43565e+06
5.45652e+06
5.44486e+06
5.43827e+06
5.43721e+06
5.44314e+06
5.45323e+06
5.43864e+06
5.44923e+06
5.43763e+06
5.43685e+06
5.43723e+06
5.44425e+06
5.43548e+06
5.43448e+06
5.43649e+06
5.47423e+06
5.43531e+06
5.4561e+06
5.44775e+06
5.4486e+06
5.44431e+06
5.44784e+06
5.44893e+06
5.45081e+06
5.43551e+06
5.45728e+06
5.45725e+06
5.45037e+06
5.43311e+06
5.45409e+06
5.44199e+06
5.43809e+06
5.44895e+06
5.44185e+06
5.43928e+06
5.44067e+06
5.44669e+06
5.45154e+06
5.47558e+06
5.43591e+06
5.44438e+06
5.43553e+06
5.44055e+06
5.45072e+06
5.43609e+06
5.45418e+06
5.43829e+06
5.44681e+06
5.43573e+06
5.44328e+06
5.4556e+06
5.43342e+06
5.45027e+06
5.45154e+06
5.43942e+06
5.44606e+06
5.45055e+06
5.43462e+06
5.43809e+06
5.44719e+06
5.44122e+06
5.43229e+06
5.43546e+06
5.4566e+06
5.44309e+06
5.44458e+06
5.44697e+06
5.4352e+06
5.46169e+06
5.45508e+06
5.4367e+06
5.45318e+06
5.4344e+06
5.43776e+06
5.43776e+06
5.4692e+06
5.45239e+06
5.44935e+06
5.43952e+06
5.43827e+06
5.43909e+06
5.44663e+06
5.44654e+06
5.44396e+06
5.44001e+06
5.44222e+06
5.43686e+06
5.44546e+06
5.46271e+06
5.46162e+06
5.44741e+06
5.43996e+06
5.43553e+06
5.45761e+06
5.43522e+06
5.43613e+06
5.44012e+06
5.43609e+06
5.43368e+06
5.43903e+06
5.44166e+06
5.45719e+06
5.43934e+06
5.45022e+06
5.45969e+06
5.44453e+06
5.45059e+06
5.45243e+06
5.43918e+06
5.43942e+06
5.44553e+06
5.43816e+06
5.43811e+06
5.43732e+06
5.45111e+06
5.43569e+06
5.44113e+06
5.43797e+06
5.44983e+06
5.43399e+06
5.42778e+06
5.43739e+06
5.4504e+06
5.43901e+06
5.45383e+06
5.43691e+06
5.4552e+06
5.43953e+06
5.44182e+06
5.46064e+06
5.44115e+06
5.4563e+06
5.43503e+06
5.44646e+06
5.43957e+06
5.44626e+06
5.4495e+06
5.43604e+06
5.44184e+06
5.43835e+06
5.43254e+06
5.4535e+06
5.43934e+06
5.45033e+06
5.44428e+06
5.43718e+06
5.43525e+06
5.43905e+06
5.45064e+06
5.43627e+06
5.44906e+06
5.44109e+06
5.45848e+06
5.43806e+06
5.45174e+06
5.43699e+06
5.44961e+06
5.43735e+06
5.44121e+06
5.44365e+06
5.43276e+06
5.43574e+06
5.43753e+06
5.43505e+06
5.43614e+06
5.44463e+06
5.45914e+06
5.44888e+06
5.44831e+06
5.43447e+06
5.43993e+06
5.43891e+06
5.44706e+06
5.4404e+06
5.44202e+06
5.4344e+06
5.43593e+06
5.44684e+06
5.4342e+06
5.43894e+06
5.44022e+06
5.4424e+06
5.46383e+06
5.45506e+06
5.43844e+06
5.43666e+06
5.43827e+06
5.45413e+06
5.44117e+06
5.44496e+06
5.46252e+06
5.43569e+06
5.43944e+06
5.44469e+06
5.45381e+06
5.43904e+06
5.43842e+06
5.43942e+06
5.43912e+06
5.43856e+06
5.43126e+06
5.43682e+06
5.4381e+06
5.44534e+06
5.43546e+06
5.43997e+06
5.44691e+06
5.45593e+06
5.45292e+06
5.43801e+06
5.44581e+06
5.46314e+06
5.43997e+06
5.44211e+06
5.43891e+06
5.44707e+06
5.44695e+06
5.4445e+06
5.43681e+06
5.43813e+06
5.44971e+06
5.44042e+06
5.43787e+06
5.44152e+06
5.43781e+06
5.43878e+06
5.43604e+06
5.44387e+06
5.44232e+06
5.44015e+06
5.44732e+06
5.44441e+06
5.4629e+06
5.43692e+06
5.44212e+06
5.44202e+06
5.43971e+06
5.4402e+06
5.44199e+06
5.43936e+06
5.44731e+06
5.43254e+06
5.43393e+06
5.44626e+06
5.43794e+06
5.43274e+06
5.4507e+06
5.43569e+06
5.42711e+06
5.449e+06
5.43955e+06
5.43912e+06
5.4529e+06
5.44884e+06
5.43659e+06
5.44212e+06
5.43676e+06
5.43713e+06
5.43279e+06
5.43898e+06
5.44437e+06
5.44443e+06
5.44858e+06
5.43827e+06
5.45097e+06
5.43729e+06
5.44353e+06
5.43553e+06
5.43955e+06
5.44413e+06
5.43738e+06
5.4388e+06
5.43438e+06
5.44019e+06
5.43574e+06
5.44341e+06
5.44672e+06
5.43501e+06
5.46964e+06
5.43926e+06
5.43814e+06
5.44826e+06
5.4419e+06
5.43571e+06
5.44331e+06
5.44626e+06
5.43663e+06
5.43448e+06
5.43836e+06
5.467e+06
5.43189e+06
5.46498e+06
5.44722e+06
5.43878e+06
5.4365e+06
5.43736e+06
5.43564e+06
5.43715e+06
5.44657e+06
5.46186e+06
5.44143e+06
5.45293e+06
5.44042e+06
5.43954e+06
5.43486e+06
5.43986e+06
5.43863e+06
5.45554e+06
5.44943e+06
5.44334e+06
5.45946e+06
5.44491e+06
5.45036e+06
5.43674e+06
5.43894e+06
5.4404e+06
5.45018e+06
5.45481e+06
5.44466e+06
5.44908e+06
5.45476e+06
5.4467e+06
5.44931e+06
5.44783e+06
5.44663e+06
5.43596e+06
5.44753e+06
5.44924e+06
5.44552e+06
5.44827e+06
5.45231e+06
5.45233e+06
5.46283e+06
5.44042e+06
5.45756e+06
5.43432e+06
5.43554e+06
5.46563e+06
5.45329e+06
5.43963e+06
