5.71558e+06
5.84389e+06
5.73803e+06
5.65595e+06
5.60228e+06
5.55997e+06
5.53269e+06
5.51418e+06
5.49622e+06
5.48213e+06
5.47332e+06
5.46612e+06
5.45482e+06
5.44624e+06
5.44597e+06
5.44478e+06
5.44299e+06
5.44121e+06
5.44098e+06
5.43992e+06
5.43925e+06
5.43902e+06
5.4389e+06
5.4389e+06
5.68159e+06
5.59381e+06
5.54381e+06
5.51474e+06
5.49735e+06
5.48036e+06
5.47112e+06
5.46432e+06
5.45861e+06
5.45461e+06
5.4514e+06
5.44746e+06
5.44464e+06
5.44343e+06
5.44231e+06
5.44098e+06
5.44075e+06
5.44069e+06
5.43942e+06
5.43942e+06
5.66949e+06
5.60094e+06
5.55272e+06
5.51962e+06
5.50148e+06
5.48857e+06
5.47727e+06
5.47162e+06
5.4665e+06
5.46203e+06
5.46023e+06
5.45916e+06
5.45533e+06
5.45348e+06
5.45299e+06
5.45078e+06
5.44915e+06
5.44885e+06
5.44863e+06
5.44849e+06
5.44844e+06
5.4484e+06
5.4484e+06
5.96043e+06
5.82985e+06
5.73482e+06
5.66697e+06
5.62924e+06
5.59886e+06
5.57407e+06
5.54996e+06
5.53125e+06
5.51896e+06
5.50854e+06
5.50107e+06
5.49635e+06
5.49176e+06
5.48882e+06
5.48623e+06
5.48438e+06
5.48334e+06
5.48274e+06
5.48224e+06
5.47966e+06
5.47919e+06
5.479e+06
5.479e+06
5.79008e+06
5.66907e+06
5.62056e+06
5.56574e+06
5.52356e+06
5.4948e+06
5.4814e+06
5.46853e+06
5.45977e+06
5.45467e+06
5.45167e+06
5.44883e+06
5.44654e+06
5.44558e+06
5.44433e+06
5.44344e+06
5.44259e+06
5.43913e+06
5.43844e+06
5.43785e+06
5.43741e+06
5.43735e+06
5.43733e+06
5.43733e+06
5.78595e+06
5.66841e+06
5.57594e+06
5.5448e+06
5.52831e+06
5.51702e+06
5.50732e+06
5.49224e+06
5.47799e+06
5.46684e+06
5.45986e+06
5.45423e+06
5.45044e+06
5.44803e+06
5.447e+06
5.44301e+06
5.44296e+06
5.44295e+06
5.44295e+06
5.84219e+06
5.73482e+06
5.66526e+06
5.61702e+06
5.578e+06
5.54718e+06
5.51877e+06
5.49278e+06
5.47956e+06
5.47007e+06
5.46174e+06
5.4535e+06
5.44587e+06
5.44033e+06
5.43574e+06
5.43367e+06
5.43175e+06
5.43031e+06
5.42898e+06
5.42771e+06
5.42714e+06
5.42689e+06
5.42667e+06
5.42667e+06
5.80896e+06
5.69958e+06
5.61275e+06
5.56867e+06
5.5266e+06
5.50217e+06
5.49015e+06
5.48066e+06
5.47211e+06
5.46364e+06
5.4579e+06
5.45364e+06
5.45123e+06
5.44978e+06
5.44673e+06
5.44188e+06
5.43966e+06
5.43934e+06
5.43934e+06
5.70742e+06
5.6321e+06
5.57617e+06
5.53051e+06
5.50709e+06
5.4883e+06
5.47868e+06
5.4714e+06
5.46662e+06
5.46246e+06
5.45988e+06
5.45815e+06
5.457e+06
5.45449e+06
5.4543e+06
5.45275e+06
5.45049e+06
5.45012e+06
5.44992e+06
5.44981e+06
5.44969e+06
5.44969e+06
5.80989e+06
5.70949e+06
5.64913e+06
5.59104e+06
5.54304e+06
5.50805e+06
5.4969e+06
5.48592e+06
5.47692e+06
5.4665e+06
5.46204e+06
5.45835e+06
5.45531e+06
5.45267e+06
5.45152e+06
5.45041e+06
5.44982e+06
5.44936e+06
5.44905e+06
5.44881e+06
5.44018e+06
5.43832e+06
5.43678e+06
5.43636e+06
5.43579e+06
5.43574e+06
5.43574e+06
5.67805e+06
5.58276e+06
5.52562e+06
5.50745e+06
5.49152e+06
5.48619e+06
5.47645e+06
5.4684e+06
5.46373e+06
5.45948e+06
5.45572e+06
5.45323e+06
5.45176e+06
5.45004e+06
5.44881e+06
5.44642e+06
5.44538e+06
5.44446e+06
5.44375e+06
5.44356e+06
5.44261e+06
5.44261e+06
5.68033e+06
5.59665e+06
5.5588e+06
5.53316e+06
5.5101e+06
5.49732e+06
5.48538e+06
5.47414e+06
5.46731e+06
5.461e+06
5.45602e+06
5.45384e+06
5.45219e+06
5.45117e+06
5.45079e+06
5.45042e+06
5.4501e+06
5.44549e+06
5.44522e+06
5.44496e+06
5.44482e+06
5.44445e+06
5.44445e+06
5.83486e+06
5.72528e+06
5.64368e+06
5.55955e+06
5.52575e+06
5.50081e+06
5.48724e+06
5.47812e+06
5.47156e+06
5.46681e+06
5.46297e+06
5.45956e+06
5.45475e+06
5.45276e+06
5.45209e+06
5.45156e+06
5.45124e+06
5.44902e+06
5.44578e+06
5.4449e+06
5.44437e+06
5.44437e+06
5.8662e+06
5.7516e+06
5.67604e+06
5.62953e+06
5.58956e+06
5.55912e+06
5.52182e+06
5.50456e+06
5.49508e+06
5.48132e+06
5.47211e+06
5.46746e+06
5.46344e+06
5.45989e+06
5.45762e+06
5.45492e+06
5.45471e+06
5.45462e+06
5.45414e+06
5.45391e+06
5.45378e+06
5.45372e+06
5.45342e+06
5.45342e+06
5.73104e+06
5.64759e+06
5.59152e+06
5.54457e+06
5.52205e+06
5.50268e+06
5.48465e+06
5.46892e+06
5.46419e+06
5.45635e+06
5.45195e+06
5.44914e+06
5.44719e+06
5.44558e+06
5.44524e+06
5.44506e+06
5.4438e+06
5.44296e+06
5.4423e+06
5.44198e+06
5.44184e+06
5.44184e+06
5.81626e+06
5.72067e+06
5.63601e+06
5.58437e+06
5.54216e+06
5.50014e+06
5.47976e+06
5.46755e+06
5.45545e+06
5.45062e+06
5.44646e+06
5.44271e+06
5.44213e+06
5.44196e+06
5.44188e+06
5.44164e+06
5.43881e+06
5.43871e+06
5.4387e+06
5.43869e+06
5.43869e+06
5.74421e+06
5.63088e+06
5.58154e+06
5.53875e+06
5.51158e+06
5.4955e+06
5.48508e+06
5.47742e+06
5.46765e+06
5.46147e+06
5.45557e+06
5.45075e+06
5.44762e+06
5.44535e+06
5.44147e+06
5.44133e+06
5.44127e+06
5.44094e+06
5.44094e+06
5.86934e+06
5.76045e+06
5.68051e+06
5.62245e+06
5.58221e+06
5.53708e+06
5.50265e+06
5.49401e+06
5.48013e+06
5.46726e+06
5.45918e+06
5.45753e+06
5.45596e+06
5.45366e+06
5.44928e+06
5.44851e+06
5.44805e+06
5.44664e+06
5.4462e+06
5.44594e+06
5.44571e+06
5.44559e+06
5.44559e+06
5.78525e+06
5.67581e+06
5.61421e+06
5.56381e+06
5.52694e+06
5.50579e+06
5.48675e+06
5.47955e+06
5.47503e+06
5.47157e+06
5.46646e+06
5.46126e+06
5.45829e+06
5.45588e+06
5.44807e+06
5.44358e+06
5.44081e+06
5.43931e+06
5.43914e+06
5.43911e+06
5.43911e+06
5.66932e+06
5.60648e+06
5.55427e+06
5.52331e+06
5.50392e+06
5.48741e+06
5.475e+06
5.46657e+06
5.45968e+06
5.45106e+06
5.44772e+06
5.44628e+06
5.44547e+06
5.44475e+06
5.44449e+06
5.44395e+06
5.44289e+06
5.44238e+06
5.4421e+06
5.4421e+06
5.81069e+06
5.70127e+06
5.63716e+06
5.57128e+06
5.52639e+06
5.50281e+06
5.49545e+06
5.48287e+06
5.4719e+06
5.46665e+06
5.46411e+06
5.46153e+06
5.46015e+06
5.459e+06
5.45573e+06
5.45433e+06
5.45421e+06
5.45414e+06
5.45398e+06
5.45395e+06
5.45395e+06
5.74085e+06
5.65779e+06
5.59555e+06
5.5624e+06
5.53927e+06
5.5179e+06
5.49746e+06
5.48476e+06
5.46847e+06
5.45952e+06
5.45341e+06
5.44939e+06
5.44719e+06
5.44534e+06
5.44353e+06
5.44261e+06
5.4421e+06
5.44183e+06
5.44162e+06
5.44151e+06
5.44147e+06
5.44079e+06
5.43943e+06
5.43919e+06
5.43919e+06
5.76358e+06
5.62538e+06
5.57739e+06
5.52795e+06
5.49453e+06
5.48198e+06
5.47153e+06
5.46495e+06
5.45923e+06
5.45519e+06
5.45128e+06
5.44918e+06
5.44729e+06
5.44574e+06
5.44468e+06
5.44364e+06
5.44321e+06
5.44302e+06
5.44278e+06
5.4426e+06
5.4426e+06
5.4426e+06
5.75154e+06
5.65814e+06
5.60322e+06
5.55238e+06
5.52132e+06
5.50207e+06
5.47738e+06
5.46517e+06
5.45944e+06
5.45656e+06
5.4538e+06
5.45151e+06
5.45013e+06
5.44883e+06
5.44778e+06
5.44494e+06
5.44353e+06
5.44333e+06
5.44318e+06
5.44318e+06
5.82708e+06
5.70744e+06
5.63307e+06
5.60369e+06
5.57378e+06
5.54562e+06
5.52718e+06
5.51545e+06
5.5042e+06
5.49704e+06
5.49002e+06
5.48497e+06
5.48127e+06
5.47874e+06
5.47652e+06
5.47216e+06
5.45344e+06
5.44841e+06
5.44552e+06
5.44427e+06
5.44174e+06
5.44104e+06
5.44021e+06
5.43955e+06
5.43923e+06
5.43912e+06
5.43912e+06
5.80619e+06
5.7029e+06
5.63815e+06
5.59122e+06
5.55101e+06
5.51565e+06
5.49571e+06
