6966 5554
6928 5418
7132 5592
7210 5556
6948 5348
6944 5436
6982 5526
7320 5434
7186 5494
6684 5368
7096 5486
6982 5814
7470 5354
6822 5474
7334 5612
7560 5524
6982 5646
7042 5608
7016 5518
7118 5560
6774 5372
6896 5500
7018 5334
6788 5404
6992 5360
7038 5328
7072 5548
7210 5424
6892 5336
7252 5448
7034 5522
7134 5378
7178 5320
7138 5458
7244 5370
7108 5502
7060 5434
7114 5398
6898 5386
7500 5524
7332 5758
6794 5496
7162 5342
6890 5464
7216 5544
6916 5688
7050 5378
7750 5448
6942 5558
7188 5390
7012 5326
7142 5390
6850 5430
7208 5364
7498 5564
7274 5416
6876 5592
7028 5470
6918 5366
7356 5464
6986 5366
7120 5438
7124 5544
6924 5460
7288 5526
7604 5540
6650 5464
7102 5426
7086 5398
7004 5456
7148 5506
7148 5508
7534 5438
7048 5396
7262 5418
6792 5396
6770 5542
7240 5372
7182 5484
7072 5402
7030 5430
7234 5532
7242 5404
7106 5370
7340 5442
6778 5372
7264 5298
7058 5430
7858 5504
7734 5596
7156 5388
7424 5434
7356 5514
7246 5414
7114 5410
7304 5404
6930 5552
7320 5378
7592 5544
7102 5396
7248 5584
7516 5348
7256 5510
7084 5424
6974 5584
7472 5546
7136 5450
7366 5482
6724 5474
7178 5568
7054 5478
7230 5466
7244 5416
7282 5530
7232 5390
7008 5388
6948 5464
7136 5390
7330 5414
7278 5528
7140 5520
6788 5604
6912 5476
6688 5366
7064 5342
7132 5634
6864 5380
6966 5472
7214 5432
7536 5366
7308 5430
7208 5466
7224 5336
7430 5486
7284 5594
7220 5526
6982 5568
7268 5384
6842 5524
7180 5504
6572 5606
7264 5406
7384 5326
6648 5456
7232 5488
7086 5376
7236 5546
6928 5582
7924 5454
7248 5384
6942 5508
7160 5360
7382 5430
7238 5384
7132 5542
7386 5470
7028 5528
7146 5382
7040 5520
7142 5466
7488 5250
7196 5484
7010 5294
7158 5540
6970 5294
6982 5424
7316 5392
7038 5524
7226 5348
7232 5394
6954 5446
7054 5330
7008 5664
6892 5436
6952 5538
6788 5346
6834 5520
7220 5566
7156 5480
6914 5522
7436 5546
7492 5502
7212 5556
7332 5412
7232 5660
7076 5398
7258 5402
7076 5454
6844 5470
7184 5498
7110 5376
7094 5566
7220 5436
7254 5588
7100 5434
6896 5408
7012 5388
7462 5480
7088 5372
7320 5512
6630 5478
6988 5500
7096 5576
7508 5530
6904 5412
7084 5448
7208 5528
6994 5526
6906 5438
7144 5432
7846 5426
7292 5378
7316 5436
6750 5374
6622 5308
7380 5480
7050 5578
7022 5372
6864 5516
7194 5368
7082 5392
6946 5574
6834 5368
7536 5412
6918 5578
7144 5370
7296 5622
7332 5622
7072 5492
7246 5570
6822 5452
6868 5478
7090 5598
7178 5520
7270 5552
7190 5392
6808 5592
7242 5454
7114 5374
6894 5458
6788 5426
7346 5560
7402 5586
7164 5408
7222 5492
7174 5372
7566 5500
7088 5758
6884 5324
7548 5372
