6754 5536
6526 5306
7346 5436
7228 5636
6844 5514
7468 5622
7310 5632
7052 5648
6796 5340
7114 5338
7088 5634
7258 5428
6980 5392
7084 5622
7292 5366
6754 5642
6574 5446
6962 5404
7274 5518
7136 5320
7436 5392
6854 5400
7320 5392
7208 5634
7116 5468
6798 5536
6688 5382
7020 5400
7256 5436
6756 5542
7050 5474
7494 5356
6614 5296
6914 5578
6856 5584
7234 5524
7154 5780
6724 5374
7186 5606
7172 5466
6862 5364
7188 5312
7198 5512
7342 5582
6890 5556
7230 5442
7116 5540
7118 5500
6908 5404
7356 5420
6810 5474
6934 5580
7396 5400
7296 5474
7002 5398
7026 5428
7364 5506
6828 5490
6678 5442
6860 5488
7004 5582
7330 5424
7154 5444
7188 5476
7096 5430
7056 5466
7336 5614
7050 5492
7186 5334
6680 5418
7026 5520
7496 5700
7272 5490
6922 5438
7076 5594
7498 5646
7048 5452
7176 5360
7320 5504
6758 5700
6954 5428
7622 5466
6902 5576
7220 5302
6910 5432
6804 5510
7232 5408
7392 5420
7224 5376
7410 5390
7490 5528
6998 5376
7326 5300
7654 5412
6810 5472
7228 5290
6772 5554
7122 5368
7258 5372
7144 5384
6806 5456
7220 5462
7258 5698
6840 5598
7110 5390
7234 5444
7082 5470
7042 5356
7246 5460
6848 5524
7168 5432
7024 5370
7430 5418
7224 5390
7390 5462
7308 5414
7126 5456
7006 5460
7554 5408
6840 5458
6780 5376
7242 5482
7710 5538
6970 5450
7122 5506
7312 5366
7348 5420
7078 5472
7296 5606
7066 5428
7128 5384
7288 5440
7016 5348
7012 5366
7776 5438
7266 5380
7294 5494
7018 5502
6760 5476
7210 5386
7394 5310
6894 5498
6880 5524
7242 5568
7194 5484
7530 5508
7248 5372
7144 5484
7130 5492
7136 5504
7224 5534
7180 5392
6964 5496
7490 5320
6860 5330
7130 5356
6884 5312
6914 5376
7176 5396
6952 5406
7274 5352
6858 5452
7064 5492
7300 5384
6716 5366
7286 5488
6864 5522
6984 5402
7106 5494
7338 5730
7184 5456
7050 5546
7254 5552
6964 5392
7086 5482
6966 5546
7114 5472
6802 5410
7004 5600
7264 5514
7200 5478
7080 5532
6882 5494
7214 5502
7244 5560
6738 5424
6868 5648
6960 5538
7014 5416
7474 5448
7296 5480
7448 5426
7346 5620
7456 5508
7306 5472
7160 5406
7034 5554
7650 5542
7150 5476
7358 5470
7086 5380
7110 5366
7124 5412
7238 5566
7038 5460
7340 5330
7428 5442
7380 5428
7164 5380
7130 5428
6892 5448
7152 5338
7498 5602
7246 5468
7280 5394
6798 5400
7020 5344
7138 5450
7116 5364
6782 5414
6986 5356
6936 5362
6784 5446
6500 5468
6800 5536
7552 5668
6926 5436
6802 5358
7170 5522
7044 5364
6980 5420
6734 5454
7216 5430
6924 5376
7494 5612
6974 5646
6970 5532
6814 5360
7040 5490
6794 5414
7396 5410
6984 5408
7462 5390
7488 5342
6802 5386
7296 5332
7048 5400
6974 5512
6664 5466
6732 5588
